56 0 55
0 (1 0): [1 1] [-1 -1] [-1 -1] [-1 -1]
1 (1 1): [5 2] [0 1] [2 4] [-1 -1]
2 (1 5): [1 4] [-1 -1] [-1 -1] [-1 -1]
3 (1 9): [8 2] [4 8] [-1 -1] [-1 -1]
4 (1 17): [10 2] [3 8] [-1 -1] [-1 -1]
5 (3 1): [1 2] [6 2] [-1 -1] [-1 -1]
6 (3 3): [13 2] [5 2] [-1 -1] [-1 -1]
7 (3 7): [15 2] [8 2] [-1 -1] [-1 -1]
8 (3 9): [3 2] [7 2] [-1 -1] [-1 -1]
9 (3 15): [17 2] [-1 -1] [-1 -1] [-1 -1]
10 (3 17): [4 2] [11 2] [-1 -1] [-1 -1]
11 (3 19): [54 16] [10 2] [-1 -1] [-1 -1]
12 (5 1): [19 2] [13 2] [-1 -1] [-1 -1]
13 (5 3): [6 2] [12 2] [-1 -1] [-1 -1]
14 (5 5): [20 2] [15 2] [-1 -1] [-1 -1]
15 (5 7): [7 2] [14 2] [-1 -1] [-1 -1]
16 (5 9): [26 4] [17 6] [-1 -1] [-1 -1]
17 (5 15): [9 2] [16 6] [18 2] [-1 -1]
18 (5 17): [22 2] [17 2] [-1 -1] [-1 -1]
19 (7 1): [12 2] [20 4] [-1 -1] [-1 -1]
20 (7 5): [14 2] [19 4] [21 2] [-1 -1]
21 (7 7): [25 2] [20 2] [-1 -1] [-1 -1]
22 (7 17): [18 2] [-1 -1] [-1 -1] [-1 -1]
23 (9 3): [31 4] [24 2] [-1 -1] [-1 -1]
24 (9 5): [23 2] [-1 -1] [-1 -1] [-1 -1]
25 (9 7): [21 2] [26 2] [-1 -1] [-1 -1]
26 (9 9): [16 4] [29 2] [25 2] [-1 -1]
27 (9 11): [47 8] [28 4] [-1 -1] [-1 -1]
28 (9 15): [35 4] [27 4] [-1 -1] [-1 -1]
29 (11 9): [26 2] [-1 -1] [-1 -1] [-1 -1]
30 (13 1): [37 2] [31 2] [-1 -1] [-1 -1]
31 (13 3): [23 4] [30 2] [-1 -1] [-1 -1]
32 (13 5): [45 4] [33 2] [-1 -1] [-1 -1]
33 (13 7): [39 2] [32 2] [-1 -1] [-1 -1]
34 (13 13): [35 2] [-1 -1] [-1 -1] [-1 -1]
35 (13 15): [28 4] [34 2] [36 2] [-1 -1]
36 (13 17): [53 6] [35 2] [-1 -1] [-1 -1]
37 (15 1): [30 2] [38 2] [-1 -1] [-1 -1]
38 (15 3): [44 2] [37 2] [-1 -1] [-1 -1]
39 (15 7): [33 2] [40 2] [-1 -1] [-1 -1]
40 (15 9): [51 4] [39 2] [-1 -1] [-1 -1]
41 (15 13): [48 2] [42 2] [-1 -1] [-1 -1]
42 (15 15): [52 4] [41 2] [-1 -1] [-1 -1]
43 (17 1): [49 2] [44 2] [-1 -1] [-1 -1]
44 (17 3): [38 2] [43 2] [-1 -1] [-1 -1]
45 (17 5): [32 4] [46 2] [-1 -1] [-1 -1]
46 (17 7): [50 2] [45 2] [-1 -1] [-1 -1]
47 (17 11): [27 8] [48 2] [-1 -1] [-1 -1]
48 (17 13): [41 2] [47 2] [-1 -1] [-1 -1]
49 (19 1): [43 2] [50 6] [-1 -1] [-1 -1]
50 (19 7): [46 2] [49 6] [-1 -1] [-1 -1]
51 (19 9): [40 4] [52 6] [-1 -1] [-1 -1]
52 (19 15): [42 4] [51 6] [-1 -1] [-1 -1]
53 (19 17): [36 6] [54 2] [-1 -1] [-1 -1]
54 (19 19): [11 16] [53 2] [55 1] [-1 -1]
55 (19 20): [54 1] [-1 -1] [-1 -1] [-1 -1]
