367 0 366
0 (1 0): 1 1
1 (1 1): 30 4 0 1
2 (1 3): 31 4 3 2
3 (1 5): 32 4 2 2 4 2
4 (1 7): 3 2 5 8
5 (1 15): 36 4 4 8
6 (1 17): 18 2 7 4
7 (1 21): 20 2 6 4
8 (1 23): 21 2 9 2
9 (1 25): 8 2
10 (1 29): 23 2 11 2
11 (1 31): 24 2 10 2
12 (1 35): 25 2 13 2
13 (1 37): 26 2 12 2 14 4
14 (1 41): 57 6 13 4
15 (1 43): 28 2
16 (3 9): 33 2 17 4
17 (3 13): 35 2 16 4
18 (3 17): 6 2 19 2
19 (3 19): 49 4 18 2
20 (3 21): 7 2 21 2
21 (3 23): 8 2 20 2
22 (3 27): 52 4 23 2
23 (3 29): 10 2 22 2
24 (3 31): 11 2 25 4
25 (3 35): 12 2 24 4
26 (3 37): 13 2 27 2
27 (3 39): 56 4 26 2
28 (3 43): 15 2 44 2 29 6
29 (3 49): 58 4 28 6
30 (5 1): 1 4 31 2
31 (5 3): 2 4 30 2
32 (5 5): 3 4 33 4
33 (5 9): 16 2 32 4
34 (5 11): 46 2 35 2
35 (5 13): 17 2 34 2
36 (5 15): 5 4 37 2
37 (5 17): 48 2 36 2
38 (5 21): 50 2 39 2
39 (5 23): 51 2 38 2
40 (5 29): 69 4 41 2
41 (5 31): 53 2 40 2
42 (5 33): 54 2 43 2
43 (5 35): 55 2 42 2
44 (5 43): 28 2
45 (7 3): 60 2 46 8
46 (7 11): 34 2 45 8
47 (7 15): 65 2 48 2
48 (7 17): 37 2 47 2
49 (7 19): 19 4 67 2 50 2
50 (7 21): 38 2 49 2
51 (7 23): 39 2 52 4
52 (7 27): 22 4 51 4
53 (7 31): 41 2 54 2
54 (7 33): 42 2 85 4 53 2
55 (7 35): 43 2 56 4
56 (7 39): 27 4 55 4
57 (7 41): 14 6 58 8
58 (7 49): 29 4 116 8 57 8
59 (9 1): 76 2 60 2
60 (9 3): 45 2 59 2
61 (9 5): 90 4 62 4
62 (9 9): 78 2 61 4
63 (9 11): 79 2 64 2
64 (9 13): 63 2
65 (9 15): 47 2 66 2
66 (9 17): 81 2 65 2
67 (9 19): 49 2
68 (9 23): 82 2 69 6
69 (9 29): 40 4 68 6
70 (9 35): 101 4 71 2
71 (9 37): 86 2 70 2
72 (9 39): 87 2 73 2
73 (9 41): 103 4 72 2
74 (9 43): 75 4
75 (9 47): 89 2 74 4
76 (11 1): 59 2 160 12 77 2
77 (11 3): 145 10 76 2
78 (11 9): 62 2 79 2
79 (11 11): 63 2 78 2
80 (11 15): 93 2 81 2
81 (11 17): 66 2 80 2 82 6
82 (11 23): 68 2 81 6
83 (11 27): 98 2
84 (11 31): 100 2 85 2
85 (11 33): 54 4 84 2
86 (11 37): 71 2 87 2
87 (11 39): 72 2 86 2
88 (11 45): 115 4 89 2
89 (11 47): 75 2 88 2
90 (13 5): 61 4 117 4 91 2
91 (13 7): 105 2 90 2
92 (13 9): 106 2 93 6
93 (13 15): 80 2 92 6
94 (13 17): 119 4 95 2
95 (13 19): 135 6 94 2
96 (13 21): 120 4 97 4
97 (13 25): 122 4 96 4 98 2
98 (13 27): 83 2 97 2
99 (13 29): 108 2 100 2
100 (13 31): 84 2 99 2
101 (13 35): 70 4 102 4
102 (13 39): 129 4 101 4
103 (13 41): 73 4 104 2
104 (13 43): 114 2 103 2
105 (15 7): 91 2 106 2
106 (15 9): 92 2 105 2
107 (15 27): 123 2 108 2
108 (15 29): 99 2 107 2
109 (15 31): 125 2 110 2
110 (15 33): 109 2
111 (15 35): 127 2 112 2
112 (15 37): 128 2 111 2
113 (15 41): 141 4 114 2
114 (15 43): 104 2 113 2
115 (15 45): 88 4 116 4
116 (15 49): 58 8 115 4
117 (17 5): 90 4
118 (17 11): 133 2 119 6
119 (17 17): 94 4 118 6
120 (17 21): 96 4 121 2
121 (17 23): 137 2 120 2
122 (17 25): 97 4 123 2
123 (17 27): 107 2 122 2
124 (17 29): 140 2 125 2
125 (17 31): 109 2 155 4 124 2
126 (17 33): 168 6 127 2
127 (17 35): 111 2 126 2
128 (17 37): 112 2 129 2
129 (17 39): 102 4 128 2
130 (17 45): 142 2 131 2
131 (17 47): 143 2 130 2
132 (19 5): 146 2 133 6
133 (19 11): 118 2 132 6 134 6
134 (19 17): 151 2 133 6
135 (19 19): 95 6 136 2
136 (19 21): 165 4 135 2
137 (19 23): 121 2 138 2
138 (19 25): 153 2 137 2
139 (19 27): 140 2
140 (19 29): 124 2 139 2
141 (19 41): 113 4 142 4
142 (19 45): 130 2 141 4
143 (19 47): 131 2 144 2
144 (19 49): 173 4 143 2
145 (21 3): 77 10 146 2
146 (21 5): 132 2 145 2
147 (21 7): 162 2 148 4
148 (21 11): 147 4
149 (21 13): 179 4 150 2
150 (21 15): 164 2 149 2
151 (21 17): 134 2
152 (21 23): 166 2 153 2
153 (21 25): 138 2 152 2
154 (21 29): 197 6 155 2
155 (21 31): 125 4 183 4 154 2
156 (21 35): 169 2 157 4
157 (21 39): 171 2 156 4
158 (21 41): 186 4 159 2
159 (21 43): 172 2 158 2
160 (23 1): 76 12 161 4
161 (23 5): 176 2 160 4
162 (23 7): 147 2 163 2
163 (23 9): 191 4 162 2
164 (23 15): 150 2 165 6
165 (23 21): 136 4 164 6
166 (23 23): 152 2 167 2
167 (23 25): 182 2 166 2
168 (23 33): 126 6 169 2
169 (23 35): 156 2 168 2
170 (23 37): 185 2 171 2
171 (23 39): 157 2 170 2
172 (23 43): 159 2 173 6
173 (23 49): 144 4 172 6
174 (25 1): 175 2
175 (25 3): 189 2 174 2
176 (25 5): 161 2 177 2
177 (25 7): 190 2 176 2
178 (25 11): 209 4 179 2
179 (25 13): 149 4 178 2
180 (25 15): 192 2
181 (25 23): 194 2 182 2
182 (25 25): 167 2 181 2
183 (25 31): 155 4
184 (25 35): 199 2 185 2
185 (25 37): 170 2 184 2
186 (25 41): 158 4 187 4
187 (25 45): 203 2 186 4
188 (25 47): 204 2
189 (27 3): 175 2 190 4
190 (27 7): 177 2 189 4 191 2
191 (27 9): 163 4 190 2
192 (27 15): 180 2 193 2
193 (27 17): 212 2 192 2 194 6
194 (27 23): 181 2 193 6
195 (27 25): 196 2
196 (27 27): 214 2 195 2 197 2
197 (27 29): 154 6 196 2
198 (27 31): 216 2 199 4
199 (27 35): 184 2 198 4
200 (27 37): 218 2 201 2
201 (27 39): 200 2
202 (27 43): 219 2 203 2
203 (27 45): 187 2 202 2
204 (27 47): 188 2 205 2
205 (27 49): 222 2 204 2
206 (29 1): 276 10 207 2
207 (29 3): 223 2 206 2
208 (29 5): 224 2 209 6
209 (29 11): 178 4 225 2 208 6
210 (29 13): 235 4 211 2
211 (29 15): 226 2 210 2
212 (29 17): 193 2 213 6
213 (29 23): 228 2 212 6
214 (29 27): 196 2 215 2
215 (29 29): 231 2 214 2
216 (29 31): 198 2 217 2
217 (29 33): 216 2
218 (29 37): 200 2 232 2 219 6
219 (29 43): 202 2 218 6
220 (29 45): 221 2
221 (29 47): 259 6 220 2 222 2
222 (29 49): 205 2 322 14 221 2
223 (31 3): 207 2 224 2
224 (31 5): 208 2 223 2
225 (31 11): 209 2
226 (31 15): 211 2 227 4
227 (31 19): 237 2 226 4
228 (31 23): 213 2 229 2
229 (31 25): 254 4 228 2
230 (31 27): 239 2 231 2
231 (31 29): 215 2 230 2
232 (31 37): 218 2 233 6
233 (31 43): 246 2 232 6
234 (33 3): 277 6 235 10
235 (33 13): 210 4 234 10
236 (33 15): 251 2 237 4
237 (33 19): 227 2 236 4
238 (33 21): 253 2
239 (33 27): 230 2 240 2
240 (33 29): 269 4 239 2
241 (33 31): 270 4 242 2
242 (33 33): 256 2 241 2 243 2
243 (33 35): 242 2 244 4
244 (33 39): 243 4
245 (33 41): 273 4 246 2
246 (33 43): 233 2 245 2
247 (35 5): 248 2
248 (35 7): 260 2 247 2
249 (35 9): 261 2 250 4
250 (35 13): 263 2 249 4
251 (35 15): 236 2 252 4
252 (35 19): 283 4 251 4
253 (35 21): 238 2 254 4
254 (35 25): 229 4 253 4 255 2
255 (35 27): 268 2 254 2
256 (35 33): 242 2 257 4
257 (35 37): 272 2 256 4
258 (35 45): 275 2 259 2
259 (35 47): 221 6 258 2
260 (37 7): 248 2 261 2
261 (37 9): 249 2 260 2
262 (37 11): 279 2 263 2
263 (37 13): 250 2 262 2
264 (37 15): 281 2 265 2
265 (37 17): 282 2 264 2
266 (37 21): 327 8 267 4
267 (37 25): 284 2 266 4
268 (37 27): 255 2 269 2
269 (37 29): 240 4 268 2
270 (37 31): 241 4 271 2
271 (37 33): 287 2 270 2
272 (37 37): 257 2 273 4
273 (37 41): 245 4 272 4
274 (37 43): 289 2 275 2
275 (37 45): 258 2 274 2
276 (39 1): 206 10 307 4 277 2
277 (39 3): 234 6 276 2
278 (39 5): 292 2 279 6
279 (39 11): 262 2 278 6
280 (39 13): 294 2 281 2
281 (39 15): 264 2 280 2
282 (39 17): 265 2 283 2
283 (39 19): 252 4 297 2 282 2
284 (39 25): 267 2 285 4
285 (39 29): 301 2 284 4
286 (39 31): 314 4 287 2
287 (39 33): 271 2 286 2
288 (39 35): 303 2 289 8
289 (39 43): 274 2 288 8
290 (39 45): 306 2 291 2
291 (39 47): 321 4 290 2
292 (41 5): 278 2 293 4
293 (41 9): 310 2 292 4
294 (41 13): 280 2 295 2
295 (41 15): 312 2 294 2
296 (41 17): 325 4 297 2
297 (41 19): 283 2 296 2
298 (41 23): 299 2
299 (41 25): 329 4 298 2
300 (41 27): 313 2 301 2
301 (41 29): 285 2 300 2
302 (41 33): 315 2 303 2
303 (41 35): 288 2 302 2
304 (41 37): 317 2
305 (41 43): 320 2 306 2
306 (41 45): 290 2 305 2
307 (43 1): 276 4 308 4
308 (43 5): 324 2 307 4
309 (43 7): 355 6 310 2
310 (43 9): 293 2 356 6 309 2
311 (43 11): 339 4 312 4
312 (43 15): 295 2 311 4
313 (43 27): 300 2 314 4
314 (43 31): 286 4 313 4
315 (43 33): 302 2 332 2 316 2
316 (43 35): 348 4 315 2
317 (43 37): 304 2 318 2
318 (43 39): 333 2 317 2
319 (43 41): 334 2 320 2
320 (43 43): 305 2 319 2
321 (43 47): 291 4 322 2
322 (43 49): 222 14 321 2
323 (45 1): 337 2 324 4
324 (45 5): 308 2 323 4
325 (45 17): 296 4 326 2
326 (45 19): 325 2
327 (45 21): 266 8 328 2
328 (45 23): 343 2 327 2
329 (45 25): 299 4 344 2 330 2
330 (45 27): 345 2 329 2
331 (45 31): 347 2 332 2
332 (45 33): 315 2 331 2
333 (45 39): 318 2 362 4 334 2
334 (45 41): 319 2 333 2
335 (45 45): 336 2
336 (45 47): 352 2 335 2
337 (47 1): 323 2 338 4
338 (47 5): 354 2 337 4
339 (47 11): 311 4 340 2
340 (47 13): 357 2 339 2
341 (47 15): 358 2 342 6
342 (47 21): 359 2 341 6
343 (47 23): 328 2 344 2
344 (47 25): 329 2 343 2
345 (47 27): 330 2 346 2
346 (47 29): 360 2 345 2
347 (47 31): 331 2
348 (47 35): 316 4 349 2
349 (47 37): 361 2 348 2
350 (47 43): 363 2 351 2
351 (47 45): 364 2 350 2
352 (47 47): 336 2 353 2
353 (47 49): 365 2 352 2
354 (49 5): 338 2 355 2
355 (49 7): 309 6 354 2
356 (49 9): 310 6
357 (49 13): 340 2 358 2
358 (49 15): 341 2 357 2
359 (49 21): 342 2 360 8
360 (49 29): 346 2 359 8 361 8
361 (49 37): 349 2 360 8
362 (49 39): 333 4 363 4
363 (49 43): 350 2 362 4
364 (49 45): 351 2 365 4
365 (49 49): 353 2 364 4 366 1
366 (49 50): 365 1
