Length: 36990
Path: 
1 0
1 1
3 1
3 3
9 3
9 1
11 1
11 5
15 5
15 9
11 9
11 11
13 11
13 15
15 15
15 17
13 17
13 19
11 19
11 17
9 17
9 19
7 19
7 21
3 21
3 19
1 19
1 23
3 23
3 27
1 27
1 29
5 29
5 27
7 27
7 29
15 29
15 35
13 35
13 37
3 37
3 41
5 41
5 39
7 39
7 43
3 43
1 43
1 49
3 49
3 47
5 47
5 45
9 45
9 43
11 43
11 41
13 41
13 47
15 47
15 49
17 49
17 47
19 47
19 41
21 41
21 43
25 43
25 41
23 41
23 39
21 39
21 37
23 37
23 35
21 35
21 33
23 33
23 31
21 31
21 29
27 29
27 31
29 31
29 29
35 29
35 25
37 25
37 23
35 23
31 23
31 25
33 25
33 27
27 27
27 21
21 21
21 17
17 17
17 13
15 13
15 11
25 11
25 13
23 13
23 19
27 19
27 13
29 13
29 15
31 15
31 11
35 11
35 13
33 13
33 17
37 17
37 21
39 21
39 23
45 23
45 25
39 25
39 27
41 27
41 29
43 29
43 27
47 27
47 33
49 33
49 35
45 35
45 33
41 33
41 35
39 35
39 33
37 33
37 35
35 35
35 33
31 33
31 35
27 35
27 41
29 41
29 43
31 43
31 41
33 41
33 43
35 43
35 47
39 47
39 45
41 45
41 47
43 47
43 43
45 43
45 41
43 41
43 37
45 37
45 39
51 39
51 43
49 43
49 45
45 45
45 47
51 47
51 49
53 49
53 53
51 53
51 51
47 51
47 55
45 55
45 53
39 53
39 55
41 55
41 57
37 57
37 61
39 61
39 63
37 63
37 65
33 65
33 63
35 63
35 61
33 61
33 59
35 59
35 57
31 57
31 65
29 65
29 67
31 67
31 69
29 69
29 71
35 71
35 67
37 67
37 69
39 69
39 65
41 65
41 67
47 67
47 69
49 69
49 67
51 67
51 65
51 63
49 63
49 65
47 65
47 63
43 63
43 61
45 61
45 57
51 57
51 55
55 55
55 47
53 47
53 45
57 45
57 47
59 47
59 49
61 49
61 51
63 51
63 49
65 49
65 53
59 53
59 55
63 55
63 57
67 57
67 59
63 59
63 61
61 61
61 57
59 57
59 63
61 63
61 71
59 71
59 67
53 67
53 69
57 69
57 73
55 73
55 71
45 71
45 69
43 69
43 71
37 71
37 73
49 73
49 77
47 77
47 79
51 79
51 75
59 75
59 73
63 73
63 65
65 65
65 69
65 73
67 73
67 71
71 71
71 69
69 69
69 67
67 67
67 65
71 65
71 67
81 67
81 65
75 65
75 63
77 63
77 61
81 61
83 61
83 63
85 63
85 59
83 59
83 55
81 55
81 57
79 57
79 59
77 59
77 55
79 55
79 51
81 51
81 53
85 53
85 51
87 51
87 49
85 49
85 47
87 47
87 45
87 43
85 43
85 45
83 45
83 49
77 49
77 45
75 45
73 45
73 47
71 47
71 39
73 39
73 37
71 37
71 35
83 35
83 37
81 37
75 37
75 39
77 39
77 43
83 43
83 39
85 39
85 41
87 41
87 37
89 37
89 39
93 39
93 41
95 41
95 47
97 47
97 49
91 49
91 47
89 47
89 51
91 51
91 55
89 55
89 53
87 53
87 55
85 55
85 57
89 57
89 65
91 65
91 57
93 57
93 63
95 63
95 61
99 61
99 63
97 63
97 65
103 65
103 61
101 61
101 59
105 59
105 57
109 57
109 59
107 59
107 63
109 63
109 61
111 61
111 65
109 65
109 69
113 69
113 67
115 67
115 69
121 69
121 67
119 67
119 65
117 65
117 63
121 63
121 61
117 61
117 59
119 59
119 57
115 57
115 63
113 63
113 59
111 59
111 53
109 53
109 51
113 51
113 49
115 49
115 53
119 53
119 51
117 51
117 47
123 47
123 45
119 45
119 41
121 41
121 39
123 39
123 37
121 37
121 35
119 35
119 33
123 33
123 35
125 35
125 37
129 37
129 35
127 35
127 33
131 33
131 25
129 25
129 23
133 23
133 27
133 33
135 33
135 31
137 31
137 29
139 29
139 27
137 27
137 25
135 25
135 21
133 21
131 21
131 11
129 11
129 17
127 17
127 13
125 13
125 11
123 11
123 13
123 17
121 17
119 17
119 19
117 19
117 23
123 23
123 19
127 19
127 25
119 25
119 27
121 27
121 31
119 31
119 29
117 29
117 25
115 25
115 23
113 23
113 21
111 21
111 13
113 13
113 17
115 17
115 11
121 11
121 9
119 9
119 5
123 5
123 1
125 1
125 3
133 3
133 1
139 1
143 1
143 5
137 5
137 3
135 3
135 5
127 5
127 7
125 7
125 9
129 9
129 7
131 7
131 9
133 9
133 7
135 7
135 9
137 9
137 7
141 7
141 9
139 9
139 11
137 11
137 13
135 13
135 11
133 11
133 15
135 15
135 19
139 19
139 21
141 21
141 23
145 23
145 27
147 27
147 25
147 21
145 21
145 17
143 17
143 13
141 13
141 11
143 11
143 7
145 7
145 9
151 9
151 7
147 7
147 5
149 5
149 3
151 3
151 5
153 5
153 3
155 3
155 1
159 1
159 3
157 3
157 5
155 5
155 7
159 7
159 5
161 5
161 7
163 7
163 9
167 9
167 13
165 13
165 11
163 11
163 13
157 13
157 11
161 11
161 9
153 9
153 11
151 11
151 17
155 17
155 21
157 21
157 29
155 29
155 27
149 27
149 31
151 31
151 33
155 33
155 31
159 31
159 27
161 27
161 29
163 29
163 25
161 25
161 17
159 17
159 15
165 15
165 17
171 17
171 19
175 19
175 15
173 15
173 13
171 13
171 11
169 11
169 1
171 1
171 5
173 5
173 3
175 3
175 5
177 5
177 9
173 9
173 11
177 11
177 13
179 13
179 9
183 9
183 11
181 11
181 13
185 13
187 13
187 11
185 11
185 9
191 9
191 13
195 13
195 17
193 17
193 19
189 19
189 17
183 17
183 15
177 15
177 17
179 17
179 19
181 19
181 21
177 21
177 23
179 23
179 25
177 25
177 27
179 27
179 29
181 29
181 25
183 25
183 23
185 23
185 27
185 31
183 31
183 35
179 35
177 35
177 33
175 33
175 31
177 31
177 29
173 29
173 27
175 27
175 21
165 21
165 23
167 23
167 25
165 25
165 27
169 27
169 23
173 23
173 25
171 25
171 31
173 31
173 35
175 35
175 37
171 37
171 35
165 35
165 33
169 33
169 29
167 29
167 31
163 31
163 33
161 33
161 35
153 35
153 37
157 37
157 41
155 41
155 47
153 47
153 45
151 45
151 53
153 53
163 53
163 63
161 63
161 61
159 61
159 63
155 63
155 61
157 61
157 57
151 57
151 55
149 55
149 51
147 51
147 49
145 49
145 53
147 53
147 57
149 57
149 59
153 59
153 61
151 61
151 63
149 63
149 67
141 67
141 65
139 65
139 63
143 63
143 61
145 61
145 57
141 57
141 55
143 55
143 49
141 49
141 53
137 53
137 55
139 55
139 57
137 57
137 59
135 59
135 61
137 61
137 63
135 63
135 65
131 65
131 63
133 63
133 61
129 61
129 59
131 59
131 57
133 57
133 55
129 55
129 53
133 53
133 51
135 51
135 49
137 49
137 51
139 51
139 47
145 47
145 45
141 45
141 41
139 41
139 37
135 37
135 35
131 35
131 39
133 39
133 43
131 43
131 41
129 41
129 39
125 39
125 41
127 41
127 43
125 43
125 49
121 49
121 53
125 53
125 55
127 55
127 57
123 57
123 59
125 59
125 63
123 63
123 67
127 67
127 63
129 63
129 67
133 67
139 67
139 73
137 73
137 71
131 71
131 69
129 69
129 73
133 73
133 81
135 81
135 79
143 79
143 83
145 83
145 81
147 81
147 83
147 85
151 85
151 81
149 81
149 79
151 79
151 77
147 77
147 75
143 75
143 77
139 77
139 75
141 75
141 69
145 69
145 71
147 71
147 69
149 69
149 75
151 75
151 73
153 73
153 71
157 71
157 69
157 65
159 65
159 67
161 67
161 71
159 71
159 75
157 75
157 77
163 77
163 79
165 79
165 75
163 75
163 71
165 71
165 63
167 63
167 61
165 61
165 57
171 57
171 53
177 53
177 55
173 55
173 59
169 59
169 61
171 61
171 63
175 63
175 67
177 67
177 65
183 65
183 67
179 67
179 69
177 69
177 71
175 71
175 69
173 69
173 73
175 73
175 75
179 75
179 71
185 71
185 67
187 67
187 65
189 65
189 63
193 63
199 63
199 61
205 61
205 63
207 63
207 59
205 59
205 57
207 57
207 55
205 55
205 53
207 53
207 51
205 51
205 45
201 45
201 43
195 43
195 45
197 45
197 49
195 49
195 47
191 47
191 49
193 49
193 51
191 51
191 57
189 57
189 59
191 59
191 61
187 61
187 47
189 47
189 45
185 45
185 47
181 47
181 45
179 45
179 43
185 43
185 41
183 41
183 39
181 39
181 37
185 37
185 39
189 39
189 37
191 37
191 39
193 39
193 41
199 41
199 35
201 35
201 41
203 41
203 43
207 43
207 45
211 45
211 49
209 49
209 65
207 65
207 67
211 67
211 63
213 63
213 65
215 65
215 69
217 69
217 75
221 75
221 77
219 77
219 79
221 79
221 83
219 83
219 81
213 81
213 79
215 79
215 77
213 77
213 75
215 75
215 71
213 71
213 73
211 73
211 81
209 81
209 73
207 73
207 79
205 79
205 77
203 77
203 79
201 79
201 75
197 75
197 81
203 81
203 87
205 87
205 89
209 89
209 87
211 87
211 83
215 83
215 85
217 85
217 87
223 87
223 91
225 91
225 89
227 89
227 91
231 91
231 87
233 87
233 83
231 83
231 77
227 77
227 85
229 85
229 87
225 87
225 75
227 75
227 73
219 73
219 71
231 71
231 73
233 73
233 67
235 67
235 69
237 69
237 67
239 67
239 55
235 55
235 53
241 53
241 55
243 55
243 53
251 53
251 55
245 55
245 57
249 57
249 59
251 59
251 61
257 61
257 57
255 57
255 55
257 55
257 53
261 53
261 55
259 55
259 61
265 61
265 59
267 59
267 61
271 61
271 63
271 67
273 67
273 75
271 75
271 77
281 77
281 79
285 79
285 77
283 77
283 71
285 71
285 75
287 75
287 67
293 67
293 63
295 63
295 61
291 61
291 63
285 63
285 69
283 69
283 67
279 67
279 71
281 71
281 75
277 75
277 73
275 73
275 71
277 71
277 65
279 65
279 59
281 59
281 65
283 65
283 61
285 61
285 59
283 59
283 57
281 57
281 55
279 55
279 57
277 57
277 59
277 63
275 63
275 61
273 61
273 59
271 59
271 57
275 57
275 55
273 55
273 53
281 53
281 51
275 51
275 47
273 47
273 45
271 45
271 43
279 43
279 47
281 47
281 41
275 41
271 41
271 39
269 39
269 41
265 41
265 39
263 39
263 43
267 43
267 45
269 45
269 49
271 49
271 55
269 55
269 57
265 57
265 55
267 55
267 53
263 53
263 49
265 49
265 47
259 47
259 43
257 43
257 41
255 41
255 47
251 47
251 49
261 49
261 51
243 51
243 49
247 49
247 47
241 47
241 49
239 49
239 47
237 47
237 45
239 45
239 43
241 43
241 35
243 35
243 31
239 31
239 39
237 39
237 37
233 37
233 35
231 35
231 39
235 39
235 41
237 41
237 43
235 43
235 45
233 45
233 43
229 43
229 41
227 41
227 39
229 39
229 35
225 35
225 31
221 31
219 31
219 35
221 35
221 37
225 37
225 39
221 39
221 41
217 41
217 39
219 39
219 37
217 37
217 33
215 33
215 29
213 29
213 27
215 27
215 25
217 25
217 29
219 29
219 23
213 23
213 25
211 25
211 31
209 31
209 27
207 27
207 31
195 31
195 29
191 29
191 27
197 27
197 29
201 29
201 23
199 23
199 25
191 25
187 25
187 23
189 23
189 21
193 21
193 23
195 23
195 19
199 19
199 21
203 21
203 25
207 25
207 23
205 23
205 19
207 19
207 21
209 21
209 23
211 23
211 15
209 15
209 11
211 11
211 13
213 13
213 11
217 11
217 9
219 9
219 5
221 5
221 1
223 1
223 3
225 3
225 5
229 5
229 7
227 7
227 9
229 9
229 11
227 11
223 11
223 7
221 7
221 11
219 11
219 13
217 13
217 17
219 17
219 19
221 19
221 13
223 13
223 15
229 15
229 13
233 13
233 15
235 15
237 15
237 17
239 17
239 15
241 15
241 19
239 19
239 21
241 21
241 23
237 23
237 21
235 21
235 19
233 19
233 17
229 17
229 23
227 23
227 25
225 25
221 25
221 27
223 27
223 29
227 29
227 27
229 27
229 25
239 25
239 27
241 27
241 29
253 29
253 31
247 31
247 33
245 33
245 35
247 35
247 37
249 37
249 35
253 35
253 37
251 37
251 39
255 39
255 35
257 35
257 39
259 39
259 35
261 35
261 33
263 33
263 35
263 37
269 37
269 35
271 35
271 37
277 37
277 39
279 39
279 35
281 35
281 37
283 37
283 35
285 35
285 31
283 31
283 33
281 33
281 31
279 31
279 29
275 29
275 31
277 31
277 35
273 35
273 33
271 33
271 31
269 31
269 33
265 33
265 31
263 31
261 31
261 27
263 27
263 25
265 25
265 29
267 29
267 27
269 27
269 21
267 21
267 23
259 23
257 23
257 19
259 19
259 13
261 13
261 17
263 17
263 19
261 19
261 21
265 21
265 19
267 19
267 11
271 11
271 5
269 5
269 1
271 1
271 3
273 3
273 1
287 1
287 3
285 3
285 9
287 9
287 11
285 11
285 17
289 17
289 19
287 19
287 21
285 21
285 23
283 23
283 15
281 15
281 13
277 13
277 11
277 9
283 9
283 7
273 7
273 13
275 13
275 15
279 15
279 17
281 17
281 21
277 21
277 23
271 23
271 25
273 25
273 27
275 27
275 25
277 25
277 27
281 27
281 25
283 25
283 27
287 27
287 23
289 23
289 25
291 25
291 21
297 21
297 23
293 23
293 27
289 27
289 35
291 35
291 31
295 31
295 25
297 25
297 27
303 27
303 25
301 25
301 23
299 23
299 21
303 21
303 19
305 19
305 17
303 17
303 13
301 13
301 11
299 11
299 9
301 9
301 3
303 3
303 5
305 5
305 1
307 1
307 7
309 7
309 5
311 5
311 3
309 3
309 1
313 1
313 3
315 3
315 1
321 1
321 5
317 5
317 7
323 7
323 5
327 5
327 7
325 7
325 9
327 9
327 11
333 11
333 7
335 7
335 3
343 3
343 5
337 5
337 7
347 7
347 5
345 5
345 3
347 3
347 1
357 1
357 5
355 5
355 3
349 3
349 7
353 7
353 11
351 11
351 9
341 9
341 13
347 13
347 15
349 15
349 17
353 17
353 15
355 15
355 13
357 13
357 15
359 15
359 17
361 17
361 15
363 15
363 19
361 19
361 21
363 21
363 25
365 25
365 19
367 19
367 23
369 23
369 27
371 27
371 25
373 25
373 33
371 33
371 35
373 35
373 39
369 39
369 37
367 37
367 31
371 31
371 29
367 29
367 27
365 27
365 29
359 29
359 33
361 33
361 31
363 31
363 35
361 35
361 37
359 37
359 43
361 43
361 45
365 45
365 53
367 53
367 51
369 51
369 55
365 55
365 57
367 57
367 61
363 61
363 65
365 65
365 69
369 69
369 71
369 73
371 73
371 75
369 75
369 77
371 77
371 79
367 79
367 77
365 77
365 73
367 73
367 71
355 71
355 69
357 69
357 65
355 65
355 63
355 61
357 61
357 63
359 63
359 67
361 67
361 59
355 59
355 53
355 51
361 51
361 53
359 53
359 55
357 55
357 57
363 57
363 49
357 49
357 47
359 47
359 45
357 45
357 43
355 43
355 41
357 41
357 39
353 39
353 37
349 37
349 35
351 35
351 31
343 31
343 29
345 29
345 23
347 23
347 21
351 21
351 19
347 19
347 17
345 17
345 15
339 15
339 11
337 11
337 17
335 17
335 19
333 19
333 17
327 17
327 15
325 15
325 17
315 17
315 19
313 19
313 17
313 15
311 15
311 11
311 9
307 9
307 13
309 13
309 19
311 19
311 25
313 25
313 23
315 23
315 21
319 21
319 23
317 23
317 25
315 25
315 29
313 29
313 27
311 27
311 33
315 33
315 35
317 35
317 37
315 37
313 37
313 35
311 35
311 43
313 43
313 45
311 45
311 47
317 47
317 45
315 45
315 41
317 41
317 39
319 39
319 37
321 37
321 33
323 33
323 35
327 35
327 37
325 37
323 37
323 43
325 43
325 41
327 41
327 39
329 39
329 43
329 45
331 45
331 49
329 49
329 47
327 47
327 45
323 45
323 49
325 49
325 51
327 51
327 53
331 53
331 51
333 51
333 53
335 53
335 45
337 45
337 43
333 43
333 41
331 41
331 37
329 37
329 35
331 35
331 33
329 33
329 29
327 29
327 23
329 23
329 25
331 25
331 21
335 21
335 27
339 27
339 29
341 29
341 31
335 31
335 33
333 33
333 35
339 35
339 37
333 37
333 39
335 39
335 41
339 41
339 43
341 43
341 39
341 35
343 35
343 37
345 37
345 35
347 35
347 41
345 41
343 41
343 45
341 45
341 47
339 47
339 49
343 49
343 51
339 51
339 53
341 53
341 55
343 55
343 57
341 57
341 59
343 59
343 63
345 63
345 61
345 59
347 59
347 57
349 57
349 55
347 55
347 53
349 53
349 51
345 51
345 45
347 45
347 43
349 43
349 41
353 41
353 57
351 57
351 65
353 65
353 69
351 69
351 67
349 67
349 63
347 63
347 65
343 65
343 73
341 73
339 73
339 71
335 71
335 73
333 73
333 71
331 71
331 73
329 73
329 67
327 67
327 65
329 65
329 61
331 61
331 65
333 65
333 63
339 63
339 59
337 59
337 57
333 57
333 59
331 59
331 57
329 57
329 55
321 55
321 53
323 53
323 51
321 51
321 49
319 49
319 57
317 57
317 53
315 53
315 55
311 55
311 53
313 53
313 51
315 51
315 49
311 49
311 51
309 51
309 53
303 53
303 47
305 47
305 51
307 51
307 47
309 47
309 45
305 45
305 43
307 43
307 37
305 37
305 33
307 33
307 31
309 31
309 27
305 27
305 29
301 29
301 33
303 33
303 39
299 39
299 43
297 43
297 45
299 45
299 47
295 47
295 45
293 45
293 41
295 41
297 41
297 37
299 37
299 33
297 33
297 35
295 35
295 37
293 37
293 39
291 39
291 37
287 37
287 45
289 45
289 51
287 51
283 51
283 55
285 55
285 57
287 57
287 55
289 55
289 53
291 53
291 55
293 55
293 59
295 59
295 53
293 53
293 51
291 51
291 49
295 49
295 51
297 51
297 49
301 49
301 57
299 57
299 53
297 53
297 63
303 63
303 59
303 55
307 55
307 57
313 57
313 61
317 61
317 63
315 63
313 63
313 65
311 65
311 63
307 63
307 61
305 61
305 65
309 65
309 67
307 67
307 69
305 69
305 71
301 71
301 73
303 73
305 73
305 77
307 77
307 75
309 75
309 77
311 77
311 73
309 73
309 71
311 71
311 67
317 67
317 65
319 65
319 63
321 63
321 61
319 61
319 59
321 59
321 57
323 57
323 63
325 63
325 65
321 65
321 69
319 69
319 71
317 71
317 73
313 73
313 77
319 77
319 79
313 79
311 79
311 83
313 83
315 83
315 81
317 81
317 83
319 83
319 87
321 87
321 89
323 89
323 81
321 81
321 75
319 75
319 73
323 73
323 75
325 75
325 77
323 77
323 79
325 79
325 81
327 81
327 77
331 77
331 79
333 79
333 75
335 75
335 81
333 81
333 83
337 83
337 79
343 79
343 77
343 75
345 75
345 71
349 71
349 73
357 73
357 79
359 79
359 83
357 83
357 81
355 81
355 75
351 75
351 77
349 77
349 85
351 85
351 87
345 87
345 89
341 89
341 87
343 87
343 83
347 83
347 79
345 79
345 81
341 81
341 85
335 85
335 87
339 87
339 89
333 89
333 87
329 87
329 85
331 85
331 83
327 83
327 93
325 93
325 91
323 91
323 93
319 93
319 95
317 95
317 97
315 97
315 95
311 95
311 91
311 89
313 89
313 91
315 91
315 89
317 89
317 85
315 85
315 87
311 87
311 85
309 85
309 83
307 83
307 85
305 85
305 83
303 83
303 81
307 81
307 79
303 79
303 77
301 77
301 75
299 75
299 73
293 73
293 75
291 75
291 77
289 77
289 83
287 83
287 81
285 81
285 83
283 83
283 81
281 81
281 85
279 85
279 93
287 93
287 97
285 97
285 99
289 99
289 95
291 95
291 93
289 93
289 91
287 91
287 89
285 89
285 85
287 85
287 87
291 87
291 83
293 83
293 89
291 89
291 91
293 91
293 93
295 93
295 95
297 95
297 97
301 97
301 93
309 93
309 95
305 95
305 99
307 99
307 103
303 103
303 105
305 105
305 107
303 107
303 113
301 113
301 109
297 109
297 111
299 111
299 115
297 115
297 117
301 117
301 119
309 119
309 117
311 117
313 117
313 113
317 113
317 109
315 109
315 111
311 111
311 113
309 113
309 115
307 115
307 117
303 117
303 115
305 115
305 109
307 109
307 111
309 111
309 101
311 101
311 107
315 107
315 103
317 103
317 101
315 101
315 99
319 99
319 101
325 101
325 105
327 105
327 97
329 97
329 103
333 103
333 105
329 105
329 107
331 107
331 109
335 109
335 111
333 111
333 115
325 115
325 113
325 111
319 111
319 113
321 113
321 115
323 115
323 117
325 117
325 119
331 119
335 119
335 121
333 121
333 123
331 123
331 125
329 125
329 121
327 121
327 123
323 123
323 121
321 121
321 123
319 123
319 121
317 121
317 125
323 125
323 129
325 129
325 131
323 131
323 135
325 135
325 141
329 141
329 139
327 139
327 137
329 137
329 135
331 135
331 139
333 139
333 137
333 133
339 133
339 131
341 131
341 139
339 139
339 135
337 135
337 139
335 139
335 141
337 141
337 143
335 143
335 145
333 145
333 147
331 147
331 143
327 143
327 149
331 149
331 151
333 151
333 149
335 149
335 147
337 147
337 149
345 149
345 147
347 147
347 149
349 149
349 151
351 151
351 145
353 145
353 143
351 143
351 139
347 139
347 137
349 137
349 135
347 135
345 135
345 141
343 141
343 133
345 133
345 131
347 131
347 129
349 129
349 133
353 133
353 135
351 135
351 137
353 137
353 141
355 141
355 143
359 143
359 147
357 147
357 145
355 145
355 147
353 147
353 151
355 151
355 153
351 153
351 155
359 155
359 157
361 157
361 155
367 155
367 153
369 153
369 149
365 149
365 151
365 153
361 153
361 151
359 151
359 149
363 149
363 147
361 147
361 141
359 141
359 139
361 139
361 135
359 135
359 137
357 137
357 133
359 133
359 131
357 131
357 129
355 129
355 131
353 131
353 125
351 125
351 127
349 127
349 123
345 123
345 121
347 121
347 117
347 113
345 113
345 111
351 111
351 113
349 113
349 115
351 115
351 119
349 119
349 121
351 121
351 123
353 123
353 121
355 121
355 119
353 119
353 115
355 115
355 113
357 113
357 115
359 115
359 117
363 117
363 111
357 111
357 109
355 109
355 111
353 111
353 107
351 107
351 105
353 105
353 103
355 103
355 101
359 101
359 97
365 97
365 95
367 95
367 93
369 93
369 89
371 89
371 95
373 95
373 93
375 93
375 97
373 97
373 99
371 99
371 97
369 97
369 101
373 101
373 103
377 103
377 109
375 109
375 113
379 113
379 115
377 115
377 117
375 117
375 119
379 119
379 121
381 121
381 125
383 125
383 119
385 119
385 117
381 117
381 115
383 115
383 111
381 111
381 107
379 107
379 103
381 103
381 101
389 101
389 99
385 99
385 97
387 97
387 93
385 93
385 91
383 91
383 97
377 97
377 95
379 95
379 87
377 87
377 83
379 83
379 85
381 85
381 89
383 89
383 87
385 87
385 89
387 89
387 87
391 87
391 83
393 83
393 79
395 79
395 83
397 83
397 79
403 79
405 79
405 77
407 77
407 73
409 73
409 75
411 75
411 71
415 71
415 73
415 75
421 75
421 77
413 77
413 81
411 81
411 83
413 83
413 85
415 85
415 87
409 87
409 89
413 89
413 91
415 91
415 93
417 93
419 93
419 89
417 89
417 87
419 87
419 85
421 85
421 81
423 81
423 75
425 75
425 73
425 71
431 71
431 69
433 69
435 69
435 67
439 67
439 65
437 65
437 61
435 61
435 59
433 59
433 63
431 63
431 67
427 67
427 65
425 65
425 63
421 63
421 67
419 67
419 69
421 69
421 73
419 73
419 71
417 71
417 65
415 65
415 67
413 67
413 69
411 69
411 67
409 67
409 65
407 65
407 63
405 63
405 69
403 69
403 67
401 67
401 71
405 71
405 73
401 73
401 77
399 77
399 75
397 75
397 73
397 71
399 71
399 65
397 65
397 69
395 69
395 67
393 67
393 65
395 65
395 63
393 63
393 61
391 61
391 63
389 63
389 61
383 61
383 57
379 57
379 59
381 59
381 67
377 67
377 69
379 69
381 69
381 73
383 73
383 75
385 75
385 71
387 71
387 65
391 65
391 69
393 69
393 71
391 71
391 75
395 75
395 77
387 77
387 79
385 79
385 83
381 83
381 77
377 77
377 75
379 75
379 73
377 73
377 71
375 71
375 75
373 75
373 69
371 69
371 67
373 67
373 63
371 63
371 61
373 61
373 59
369 59
369 57
373 57
373 55
371 55
371 49
367 49
367 47
371 47
371 41
373 41
373 43
375 43
375 27
381 27
381 25
377 25
375 25
375 19
373 19
373 23
371 23
371 21
369 21
369 13
367 13
367 9
375 9
375 7
375 1
377 1
377 3
379 3
379 7
381 7
381 1
383 1
383 3
385 3
385 5
383 5
383 9
377 9
377 13
373 13
373 11
371 11
371 15
373 15
373 17
379 17
379 19
377 19
377 21
379 21
379 23
381 23
381 21
381 19
383 19
383 15
381 15
379 15
379 11
383 11
383 13
385 13
385 9
387 9
387 7
389 7
389 5
387 5
387 1
397 1
397 3
395 3
391 3
391 5
393 5
393 7
397 7
397 5
399 5
399 3
403 3
403 1
405 1
405 7
401 7
401 9
403 9
403 11
395 11
395 9
393 9
393 13
395 13
395 15
387 15
387 17
391 17
395 17
395 21
391 21
391 23
395 23
395 25
389 25
389 19
387 19
387 23
383 23
383 31
379 31
379 29
377 29
377 33
385 33
385 35
387 35
387 33
389 33
389 37
391 37
391 39
393 39
393 41
395 41
395 35
399 35
399 33
393 33
393 35
391 35
391 29
395 29
395 31
401 31
401 35
405 35
405 33
407 33
407 29
405 29
405 27
409 27
409 33
413 33
413 31
415 31
415 29
413 29
413 11
415 11
415 13
417 13
417 11
419 11
419 9
417 9
417 7
419 7
419 5
417 5
417 3
419 3
419 1
421 1
421 3
423 3
423 1
429 1
429 3
427 3
427 5
429 5
429 7
423 7
423 11
421 11
421 13
427 13
427 15
433 15
433 17
435 17
435 15
437 15
437 13
435 13
435 9
433 9
433 13
431 13
431 11
425 11
425 9
431 9
431 7
435 7
435 5
435 3
437 3
437 1
441 1
441 7
437 7
437 11
441 11
441 13
441 15
439 15
439 17
437 17
437 19
435 19
435 25
439 25
439 23
437 23
437 21
441 21
441 19
443 19
443 29
451 29
451 27
455 27
455 31
457 31
457 29
461 29
461 33
463 33
463 35
461 35
461 37
463 37
463 39
465 39
465 37
467 37
467 41
469 41
469 43
473 43
475 43
475 41
479 41
479 43
481 43
481 41
485 41
485 35
483 35
483 33
481 33
481 37
479 37
479 39
475 39
475 37
477 37
477 33
475 33
475 31
477 31
477 29
475 29
473 29
473 23
467 23
467 19
465 19
465 23
461 23
461 21
459 21
459 19
457 19
457 25
455 25
455 23
451 23
449 23
449 19
447 19
447 17
443 17
443 15
445 15
445 13
447 13
447 11
443 11
443 7
451 7
451 9
449 9
449 13
451 13
451 19
453 19
453 21
455 21
455 17
467 17
467 15
465 15
465 9
467 9
467 13
469 13
469 11
471 11
471 7
465 7
465 5
473 5
473 7
477 7
477 1
479 1
479 3
481 3
481 7
485 7
485 9
487 9
489 9
489 13
491 13
491 11
495 11
495 13
497 13
497 15
495 15
495 19
501 19
501 23
499 23
499 25
497 25
497 27
495 27
495 29
491 29
491 31
489 31
489 29
489 27
491 27
491 23
487 23
487 21
489 21
489 17
487 17
487 13
485 13
485 11
481 11
481 13
483 13
483 19
481 19
481 15
479 15
479 17
477 17
477 19
475 19
475 17
473 17
473 15
475 15
477 15
477 11
475 11
475 9
473 9
473 13
471 13
471 15
469 15
469 21
477 21
477 23
479 23
479 25
477 25
477 27
481 27
481 25
481 21
483 21
483 23
485 23
485 27
483 27
483 29
485 29
485 31
487 31
487 35
489 35
489 33
493 33
493 35
491 35
491 37
493 37
493 41
495 41
495 43
491 43
491 45
487 45
487 47
485 47
485 49
483 49
483 55
485 55
485 57
487 57
487 55
489 55
489 53
487 53
487 49
489 49
489 51
497 51
497 53
499 53
499 57
497 57
497 59
495 59
495 61
493 61
493 63
491 63
491 65
489 65
489 67
493 67
493 65
495 65
495 63
499 63
499 67
505 67
509 67
509 69
511 69
511 71
509 71
509 79
503 79
503 73
499 73
499 75
497 75
497 71
503 71
503 69
497 69
497 67
495 67
495 69
491 69
491 71
493 71
493 73
489 73
489 75
487 75
487 77
489 77
489 81
485 81
485 79
483 79
483 77
481 77
481 79
479 79
479 77
477 77
477 75
475 75
475 79
477 79
477 85
475 85
475 83
471 83
471 79
473 79
473 75
471 75
471 73
469 73
469 77
467 77
467 75
465 75
465 73
467 73
467 71
465 71
465 69
463 69
463 73
461 73
461 75
459 75
459 73
457 73
457 71
461 71
461 67
463 67
463 65
461 65
461 63
463 63
463 59
465 59
465 65
469 65
469 63
471 63
471 59
473 59
473 57
471 57
471 45
465 45
465 49
463 49
463 47
461 47
461 45
457 45
457 41
459 41
459 43
465 43
465 41
461 41
461 39
459 39
459 37
457 37
457 39
455 39
455 41
449 41
449 43
451 43
451 45
449 45
449 47
453 47
453 49
449 49
449 51
451 51
451 55
447 55
447 53
445 53
445 59
443 59
443 61
441 61
441 69
443 69
443 65
449 65
449 67
451 67
451 65
453 65
453 63
459 63
459 67
457 67
457 65
455 65
455 75
453 75
453 71
443 71
443 73
441 73
441 71
439 71
439 73
437 73
437 71
433 71
433 73
431 73
431 75
427 75
427 77
433 77
433 75
437 75
437 77
441 77
441 79
439 79
439 81
441 81
441 89
437 89
437 91
435 91
435 97
437 97
437 99
435 99
435 101
441 101
441 103
433 103
433 101
417 101
417 97
415 97
415 95
413 95
413 93
409 93
409 95
411 95
411 97
403 97
403 95
405 95
405 93
401 93
401 91
399 91
399 95
401 95
401 99
405 99
405 105
403 105
403 101
401 101
401 103
393 103
393 109
395 109
395 105
397 105
397 107
401 107
401 109
403 109
403 111
397 111
397 113
401 113
401 115
397 115
397 117
399 117
399 123
401 123
401 121
405 121
405 123
409 123
409 131
411 131
411 127
413 127
413 129
415 129
415 131
419 131
419 135
417 135
417 133
413 133
413 137
411 137
411 139
405 139
405 141
409 141
409 143
411 143
411 149
413 149
413 147
415 147
415 155
413 155
413 153
407 153
407 155
409 155
409 157
411 157
411 159
407 159
407 165
407 167
409 167
409 171
405 171
405 175
403 175
403 173
401 173
401 171
399 171
399 169
401 169
401 167
405 167
405 163
401 163
401 159
399 159
399 163
397 163
397 165
395 165
395 163
391 163
391 165
393 165
393 167
395 167
395 169
389 169
389 165
389 161
393 161
393 153
395 153
395 149
391 149
391 147
393 147
393 145
391 145
391 143
393 143
393 141
387 141
387 139
385 139
385 141
383 141
383 145
381 145
381 147
383 147
383 149
385 149
385 145
387 145
387 143
389 143
389 151
383 151
383 155
385 155
385 153
387 153
387 157
385 157
385 159
383 159
383 157
379 157
379 155
377 155
377 159
379 159
379 161
381 161
381 163
377 163
377 167
379 167
379 165
385 165
385 167
387 167
387 171
397 171
397 175
395 175
395 177
397 177
397 179
399 179
399 177
401 177
401 179
403 179
403 183
401 183
401 185
399 185
399 187
403 187
403 189
405 189
405 183
409 183
409 181
411 181
411 179
413 179
413 181
417 181
417 183
411 183
411 185
409 185
409 187
413 187
413 185
415 185
415 189
417 189
417 191
413 191
413 193
411 193
411 191
409 191
409 195
411 195
411 199
411 205
417 205
417 203
415 203
415 197
413 197
413 195
415 195
415 193
417 193
417 197
419 197
419 195
423 195
423 193
421 193
421 183
419 183
419 181
421 181
421 179
429 179
429 177
427 177
427 175
429 175
429 171
431 171
435 171
435 167
431 167
431 165
429 165
429 169
425 169
425 171
427 171
427 173
425 173
425 175
423 175
423 165
417 165
417 167
417 169
411 169
411 165
415 165
415 163
409 163
409 161
413 161
413 157
415 157
415 161
417 161
417 163
421 163
421 159
417 159
417 157
421 157
421 155
417 155
417 149
423 149
423 151
425 151
425 149
427 149
427 147
425 147
425 143
421 143
421 145
423 145
423 147
417 147
417 145
419 145
419 143
415 143
415 145
413 145
413 141
415 141
415 139
417 139
417 141
421 141
421 139
419 139
419 137
421 137
421 135
423 135
423 131
427 131
427 129
429 129
429 125
421 125
421 127
419 127
419 129
417 129
417 125
419 125
419 123
425 123
425 121
423 121
423 115
425 115
425 111
427 111
427 113
429 113
429 115
431 115
431 121
433 121
433 123
435 123
435 121
437 121
437 125
431 125
431 127
435 127
435 131
429 131
429 133
433 133
433 139
435 139
435 137
437 137
437 139
441 139
441 137
441 135
439 135
439 133
441 133
441 131
443 131
443 125
445 125
445 119
441 119
441 121
443 121
443 123
439 123
439 119
437 119
437 107
431 107
431 105
439 105
439 109
443 109
443 115
449 115
449 121
447 121
447 127
449 127
449 123
451 123
451 125
451 129
453 129
453 131
451 131
447 131
447 133
445 133
445 137
447 137
447 143
445 143
445 139
443 139
443 145
445 145
445 147
443 147
443 151
445 151
445 153
447 153
447 149
451 149
451 147
447 147
447 145
449 145
449 143
451 143
451 137
453 137
453 139
457 139
457 137
455 137
455 135
453 135
453 133
455 133
455 127
457 127
457 129
459 129
459 127
461 127
461 125
461 121
459 121
459 123
457 123
457 125
455 125
455 123
453 123
453 121
457 121
457 117
459 117
459 119
461 119
461 117
463 117
463 121
465 121
465 117
467 117
467 121
469 121
469 111
467 111
467 107
469 107
469 105
471 105
471 107
479 107
479 109
483 109
485 109
485 107
489 107
489 109
493 109
493 111
489 111
489 113
497 113
497 115
495 115
495 121
493 121
493 117
491 117
491 123
489 123
489 121
487 121
487 123
485 123
485 119
487 119
487 117
485 117
485 115
481 115
481 119
479 119
479 117
477 117
477 113
481 113
481 111
477 111
477 109
471 109
471 111
473 111
473 119
477 119
477 123
479 123
479 121
483 121
483 123
481 123
481 133
485 133
485 135
481 135
481 137
479 137
479 127
477 127
477 125
475 125
475 121
473 121
473 123
465 123
465 127
463 127
463 131
457 131
457 135
459 135
459 141
465 141
465 147
459 147
459 149
463 149
463 153
465 153
465 155
463 155
463 157
459 157
459 159
457 159
457 167
459 167
459 165
461 165
461 169
459 169
459 171
457 171
457 173
453 173
453 171
449 171
449 169
451 169
451 167
447 167
447 165
445 165
445 169
447 169
447 171
443 171
443 167
441 167
441 175
443 175
443 177
439 177
439 173
437 173
437 181
431 181
431 185
429 185
429 187
433 187
433 183
437 183
437 185
435 185
435 189
433 189
433 191
435 191
435 195
437 195
437 205
439 205
439 207
441 207
441 203
439 203
439 201
445 201
445 199
447 199
447 197
445 197
445 195
449 195
449 197
451 197
451 195
453 195
453 201
455 201
455 203
459 203
459 201
457 201
457 199
459 199
459 197
463 197
463 199
465 199
465 197
469 197
469 201
465 201
461 201
461 203
463 203
463 205
467 205
467 203
471 203
471 205
475 205
475 209
477 209
477 205
479 205
479 213
481 213
481 215
485 215
485 211
481 211
481 209
485 209
485 207
497 207
497 203
503 203
503 207
501 207
501 211
503 211
503 209
505 209
505 207
507 207
507 209
509 209
509 207
511 207
511 211
505 211
505 213
501 213
501 215
499 215
499 217
505 217
505 219
507 219
507 223
509 223
509 221
513 221
513 219
517 219
517 217
519 217
519 215
521 215
521 221
523 221
523 223
521 223
521 225
519 225
517 225
517 229
521 229
521 227
523 227
523 225
525 225
525 223
529 223
529 221
533 221
533 219
535 219
535 223
537 223
537 219
543 219
543 221
545 221
545 223
543 223
543 229
539 229
539 233
541 233
541 231
543 231
543 241
541 241
541 243
543 243
543 245
541 245
541 247
539 247
539 245
527 245
527 247
525 247
525 249
527 249
527 251
525 251
525 253
527 253
527 255
525 255
525 257
523 257
523 259
525 259
525 265
523 265
523 267
527 267
527 265
529 265
529 267
531 267
531 269
529 269
529 271
535 271
535 265
531 265
531 259
535 259
535 261
537 261
537 259
539 259
539 257
541 257
541 261
543 261
543 263
541 263
541 265
547 265
547 263
545 263
545 261
547 261
547 259
551 259
551 263
553 263
553 259
555 259
555 265
557 265
557 261
565 261
565 265
567 265
567 267
565 267
565 269
569 269
569 267
571 267
571 271
573 271
573 275
567 275
567 277
555 277
555 273
557 273
557 275
565 275
565 273
567 273
567 271
563 271
563 273
559 273
559 269
557 269
557 271
553 271
553 277
547 277
547 275
551 275
551 273
547 273
547 271
545 271
545 269
547 269
547 267
539 267
537 267
537 271
541 271
541 269
543 269
543 273
541 273
541 275
539 275
539 281
537 281
533 281
533 279
537 279
537 277
535 277
535 273
529 273
529 277
531 277
531 283
535 283
535 285
539 285
539 283
541 283
541 281
545 281
545 285
541 285
541 287
539 287
539 293
541 293
541 289
543 289
543 287
545 287
545 289
547 289
547 287
549 287
549 283
547 283
547 281
549 281
549 279
555 279
555 281
553 281
553 285
551 285
551 287
553 287
553 289
555 289
555 287
557 287
557 289
559 289
559 285
561 285
561 293
563 293
563 295
565 295
565 293
567 293
567 289
569 289
569 287
567 287
567 285
571 285
571 287
573 287
573 289
579 289
579 287
575 287
575 285
573 285
573 279
575 279
575 283
577 283
577 281
579 281
579 283
581 283
581 285
585 285
585 287
587 287
587 285
589 285
589 283
591 283
591 289
585 289
585 291
587 291
587 295
593 295
593 297
591 297
591 301
593 301
593 307
595 307
595 299
595 297
599 297
599 299
601 299
601 297
607 297
607 299
605 299
605 301
609 301
609 305
609 307
617 307
617 305
615 305
613 305
613 303
611 303
611 301
613 301
613 299
615 299
615 297
611 297
611 295
607 295
607 293
613 293
613 295
617 295
617 297
619 297
619 295
623 295
625 295
625 291
621 291
621 293
619 293
619 289
623 289
623 287
617 287
617 289
615 289
615 285
623 285
623 283
627 283
627 285
629 285
629 283
643 283
643 289
647 289
647 287
645 287
645 285
657 285
657 287
653 287
653 289
657 289
657 293
655 293
655 295
657 295
657 301
659 301
659 299
661 299
661 301
663 301
663 297
665 297
665 299
669 299
669 301
673 301
673 299
675 299
675 297
669 297
669 291
667 291
667 293
659 293
659 291
663 291
663 289
661 289
661 283
663 283
663 281
669 281
669 279
675 279
675 273
673 273
673 269
671 269
671 265
669 265
669 267
667 267
667 265
665 265
665 267
663 267
663 271
659 271
659 269
657 269
657 273
655 273
655 271
651 271
651 269
649 269
649 273
653 273
653 275
651 275
651 277
645 277
645 275
647 275
647 271
645 271
645 269
647 269
647 263
643 263
643 269
641 269
641 265
639 265
639 263
635 263
635 261
639 261
639 255
637 255
637 259
631 259
631 255
633 255
633 257
635 257
635 253
637 253
637 251
633 251
633 249
641 249
641 247
645 247
645 243
647 243
647 241
649 241
649 239
653 239
653 235
657 235
657 231
659 231
659 229
655 229
655 227
655 225
657 225
657 223
649 223
649 225
651 225
651 229
653 229
653 231
655 231
655 233
651 233
651 235
649 235
649 233
647 233
647 231
645 231
645 229
647 229
647 227
645 227
645 225
645 223
643 223
643 221
643 219
639 219
639 221
639 223
641 223
641 227
643 227
643 229
641 229
641 231
637 231
637 235
639 235
639 233
645 233
645 235
647 235
647 237
645 237
645 241
643 241
643 245
641 245
641 237
639 237
639 247
635 247
635 245
637 245
637 243
633 243
633 241
631 241
631 239
635 239
635 237
633 237
633 233
629 233
629 229
633 229
633 227
637 227
637 229
639 229
639 225
637 225
637 223
635 223
635 225
633 225
633 223
631 223
631 221
635 221
635 219
637 219
637 217
639 217
639 211
637 211
637 209
641 209
641 213
643 213
643 215
645 215
645 211
647 211
647 209
645 209
645 207
647 207
647 203
649 203
649 201
647 201
647 199
649 199
649 197
647 197
647 195
645 195
645 193
647 193
647 189
641 189
639 189
639 187
637 187
637 185
633 185
633 189
629 189
629 191
635 191
635 189
637 189
637 191
639 191
639 193
641 193
641 191
643 191
643 197
639 197
639 195
637 195
637 193
627 193
627 185
625 185
625 179
623 179
623 185
619 185
619 183
615 183
615 181
613 181
613 179
611 179
611 175
615 175
615 177
617 177
617 175
621 175
621 173
623 173
623 177
627 177
627 175
625 175
625 171
619 171
619 169
617 169
617 171
615 171
615 173
611 173
611 167
617 167
617 161
619 161
619 167
623 167
623 165
621 165
621 163
625 163
625 165
629 165
629 171
631 171
631 173
629 173
629 175
631 175
631 177
633 177
633 173
635 173
635 171
633 171
633 163
635 163
635 161
631 161
629 161
629 157
625 157
625 149
631 149
631 153
633 153
633 151
635 151
635 155
637 155
637 157
633 157
633 159
637 159
637 165
635 165
635 167
637 167
637 175
635 175
635 179
627 179
627 183
629 183
629 181
639 181
639 179
641 179
641 175
643 175
643 173
645 173
645 175
647 175
647 173
649 173
649 171
655 171
655 175
649 175
649 179
647 179
647 181
641 181
641 183
639 183
639 185
643 185
643 187
651 187
651 185
657 185
657 187
659 187
659 189
657 189
657 191
661 191
661 187
665 187
665 185
667 185
667 187
671 187
671 191
669 191
669 193
675 193
675 191
677 191
677 189
681 189
681 191
685 191
685 195
689 195
689 193
687 193
687 187
689 187
689 189
691 189
691 183
693 183
693 181
695 181
695 185
693 185
693 189
703 189
703 183
705 183
705 181
707 181
707 185
705 185
705 189
707 189
707 187
715 187
715 183
717 183
717 181
719 181
719 179
723 179
723 181
725 181
725 183
723 183
723 185
729 185
729 181
727 181
727 179
729 179
729 177
731 177
731 175
729 175
729 171
727 171
727 177
725 177
725 175
723 175
723 173
725 173
725 167
729 167
729 165
727 165
727 161
729 161
729 159
733 159
733 157
735 157
735 155
741 155
741 157
745 157
745 155
747 155
747 157
751 157
751 159
753 159
753 161
751 161
751 163
755 163
755 159
757 159
757 161
759 161
759 157
757 157
757 155
753 155
753 153
751 153
751 151
749 151
749 153
739 153
739 147
743 147
743 145
739 145
739 143
745 143
745 147
749 147
749 149
751 149
751 145
747 145
747 141
753 141
753 139
755 139
755 143
753 143
753 147
755 147
755 153
761 153
761 157
763 157
763 153
765 153
765 151
767 151
767 149
763 149
763 147
775 147
775 151
773 151
773 149
769 149
769 151
771 151
771 155
769 155
769 161
775 161
775 163
777 163
777 165
773 165
773 167
781 167
783 167
783 169
787 169
787 167
785 167
785 163
787 163
787 165
789 165
789 171
787 171
787 173
781 173
781 181
783 181
785 181
785 183
787 183
787 185
785 185
785 189
783 189
783 185
781 185
781 183
779 183
779 175
779 169
775 169
775 173
773 173
773 171
771 171
771 177
775 177
777 177
777 181
773 181
773 179
767 179
767 177
769 177
769 169
771 169
771 165
767 165
767 163
765 163
765 169
763 169
763 163
761 163
761 165
759 165
759 163
757 163
757 165
753 165
747 165
747 163
749 163
749 159
741 159
741 165
739 165
739 163
737 163
737 161
739 161
739 159
735 159
735 161
733 161
733 167
735 167
735 169
737 169
737 171
739 171
739 167
741 167
741 169
743 169
743 171
745 171
745 169
749 169
749 167
751 167
751 171
753 171
753 169
755 169
755 167
759 167
759 169
757 169
757 173
753 173
753 175
749 175
749 177
743 177
743 173
735 173
735 175
737 175
737 177
735 177
735 179
737 179
737 183
739 183
739 185
741 185
741 187
739 187
739 189
733 189
733 187
737 187
737 185
735 185
735 183
731 183
731 187
729 187
729 189
727 189
727 193
723 193
723 195
721 195
721 193
719 193
719 195
717 195
717 205
715 205
715 207
719 207
719 205
723 205
725 205
725 207
721 207
721 209
725 209
725 211
723 211
723 213
725 213
725 217
725 221
723 221
723 219
721 219
721 221
715 221
715 219
711 219
711 217
709 217
709 215
711 215
711 213
703 213
703 211
701 211
701 213
699 213
699 211
697 211
697 207
695 207
695 209
691 209
691 207
689 207
689 215
687 215
687 217
685 217
685 215
683 215
683 217
681 217
681 219
679 219
679 215
681 215
681 213
677 213
677 217
673 217
673 219
671 219
671 215
669 215
669 227
671 227
671 229
669 229
669 231
673 231
673 233
671 233
671 239
679 239
679 237
681 237
681 235
677 235
677 237
675 237
675 231
679 231
679 233
687 233
687 229
689 229
689 233
691 233
691 231
693 231
693 239
689 239
689 237
691 237
691 235
687 235
687 237
685 237
685 239
683 239
683 241
687 241
687 243
689 243
689 245
691 245
691 241
699 241
699 239
695 239
695 235
697 235
697 237
699 237
699 235
701 235
701 231
699 231
699 233
695 233
695 229
697 229
697 227
693 227
693 229
691 229
691 227
689 227
689 225
683 225
683 223
687 223
687 221
689 221
689 217
691 217
691 215
693 215
693 219
695 219
695 221
697 221
697 219
699 219
699 217
703 217
703 215
705 215
705 221
703 221
703 223
707 223
707 221
709 221
709 223
711 223
711 227
713 227
713 229
709 229
709 231
707 231
707 229
705 229
705 233
703 233
703 237
701 237
701 241
703 241
703 243
695 243
695 245
699 245
699 249
707 249
707 247
705 247
705 245
707 245
707 243
705 243
705 241
707 241
707 237
705 237
705 235
707 235
707 233
711 233
711 231
717 231
717 229
721 229
721 225
725 225
725 227
723 227
723 229
725 229
725 231
727 231
727 233
725 233
725 235
727 235
727 239
727 241
725 241
725 243
723 243
723 241
719 241
719 245
721 245
721 249
717 249
717 255
719 255
719 253
721 253
721 255
721 257
719 257
719 261
715 261
715 259
713 259
713 257
715 257
715 255
713 255
713 251
711 251
711 253
707 253
707 257
709 257
709 255
711 255
711 259
707 259
707 261
703 261
703 263
701 263
701 261
697 261
697 263
699 263
699 265
701 265
701 267
697 267
697 269
695 269
695 271
697 271
697 273
693 273
693 269
689 269
689 275
687 275
687 281
687 283
691 283
691 285
695 285
695 289
693 289
693 287
691 287
691 289
689 289
689 291
691 291
691 293
695 293
695 291
699 291
699 287
697 287
697 285
699 285
699 283
697 283
697 281
703 281
703 279
695 279
695 283
693 283
693 281
691 281
691 279
689 279
689 277
703 277
703 275
707 275
707 273
709 273
709 275
711 275
711 273
713 273
713 277
709 277
709 279
707 279
707 281
711 281
711 279
717 279
717 271
719 271
719 277
721 277
721 273
729 273
729 271
731 271
731 269
729 269
729 265
727 265
727 267
725 267
725 265
717 265
717 267
715 267
715 263
723 263
723 261
725 261
725 259
723 259
723 257
725 257
725 253
723 253
723 249
727 249
727 247
725 247
725 245
727 245
727 243
733 243
733 239
731 239
731 237
729 237
729 233
733 233
733 235
735 235
735 231
731 231
731 229
729 229
729 227
727 227
727 225
731 225
731 227
733 227
733 225
735 225
735 221
739 221
739 217
737 217
737 219
733 219
733 217
735 217
735 215
731 215
727 215
727 211
733 211
733 213
735 213
735 211
737 211
737 215
739 215
739 213
741 213
741 215
743 215
743 213
745 213
745 217
749 217
749 219
747 219
747 223
749 223
749 221
751 221
751 219
753 219
753 225
749 225
749 227
747 227
747 229
745 229
745 233
747 233
747 235
741 235
741 237
749 237
749 235
751 235
751 239
757 239
757 231
751 231
751 229
755 229
755 225
757 225
757 229
759 229
759 241
757 241
757 243
759 243
759 245
755 245
755 241
753 241
753 245
751 245
751 241
749 241
749 239
745 239
745 241
743 241
743 239
741 239
741 243
739 243
739 239
735 239
735 241
737 241
737 245
741 245
741 247
739 247
739 249
737 249
737 257
741 257
741 255
745 255
745 253
751 253
751 255
753 255
753 257
751 257
751 259
749 259
749 255
747 255
747 257
745 257
745 269
747 269
747 271
743 271
743 269
741 269
741 267
737 267
737 265
735 265
735 263
735 261
733 261
733 259
735 259
735 257
733 257
733 255
735 255
735 253
731 253
731 257
729 257
729 255
727 255
727 259
729 259
729 263
731 263
731 265
733 265
733 267
735 267
735 271
737 271
737 275
741 275
741 273
743 273
743 275
745 275
745 273
747 273
747 281
743 281
743 279
745 279
745 277
739 277
739 281
737 281
737 279
735 279
735 283
737 283
737 285
733 285
733 283
729 283
729 279
723 279
723 281
721 281
721 279
719 279
719 287
727 287
727 285
729 285
729 287
735 287
735 291
739 291
739 287
743 287
743 283
749 283
749 277
755 277
755 267
757 267
757 265
755 265
755 261
753 261
753 259
757 259
757 261
761 261
761 263
759 263
759 265
763 265
763 267
761 267
761 271
759 271
759 277
761 277
761 273
763 273
763 271
765 271
765 277
767 277
767 281
769 281
769 283
765 283
765 281
765 279
759 279
759 281
761 281
761 283
763 283
763 285
759 285
759 287
761 287
761 289
759 289
759 293
757 293
757 295
755 295
755 297
751 297
751 299
753 299
753 301
757 301
757 297
761 297
761 303
763 303
763 301
765 301
765 303
767 303
767 305
769 305
769 303
771 303
771 305
773 305
773 299
775 299
775 293
773 293
773 291
769 291
769 295
771 295
771 301
767 301
767 299
763 299
763 297
767 297
767 295
763 295
763 293
761 293
761 291
763 291
763 287
765 287
765 293
767 293
767 287
769 287
769 289
781 289
781 291
777 291
777 293
783 293
783 289
789 289
789 287
785 287
785 285
787 285
787 283
791 283
791 281
789 281
789 279
787 279
787 281
785 281
785 283
783 283
783 285
781 285
781 287
777 287
777 279
775 279
775 281
773 281
773 279
771 279
771 277
775 277
775 275
777 275
777 273
773 273
773 265
769 265
769 263
773 263
773 261
769 261
769 257
767 257
767 253
767 251
763 251
763 255
765 255
765 259
761 259
761 249
763 249
763 247
767 247
767 245
765 245
765 239
771 239
771 237
769 237
769 235
771 235
771 233
775 233
775 237
777 237
777 235
779 235
779 233
777 233
777 231
783 231
783 233
785 233
785 235
781 235
781 237
783 237
783 241
781 241
781 243
783 243
783 245
789 245
789 247
785 247
785 251
783 251
783 255
779 255
779 253
781 253
781 251
779 251
779 249
781 249
781 245
779 245
779 241
777 241
777 245
771 245
771 247
769 247
769 255
771 255
771 251
773 251
773 253
777 253
777 261
779 261
779 259
781 259
781 257
785 257
785 259
783 259
783 261
785 261
785 271
789 271
789 269
787 269
787 267
789 267
789 265
787 265
787 263
789 263
789 261
787 261
787 253
789 253
789 259
791 259
791 267
793 267
793 263
795 263
795 269
793 269
793 275
795 275
795 277
799 277
799 279
797 279
797 283
795 283
795 279
793 279
793 285
791 285
791 287
795 287
795 285
797 285
797 287
801 287
801 285
799 285
799 281
803 281
803 279
801 279
801 277
803 277
803 273
801 273
801 263
803 263
803 267
805 267
805 259
807 259
807 261
809 261
809 267
815 267
815 265
813 265
813 263
815 263
815 259
811 259
809 259
809 255
811 255
811 253
809 253
809 251
805 251
805 249
803 249
803 247
801 247
801 245
797 245
797 239
793 239
793 243
791 243
791 241
787 241
787 243
785 243
785 239
787 239
787 229
781 229
781 227
779 227
779 223
783 223
783 221
781 221
781 219
775 219
775 221
773 221
773 215
771 215
771 217
767 217
767 221
769 221
769 223
761 223
761 221
763 221
763 217
757 217
757 213
759 213
759 211
757 211
757 209
761 209
765 209
765 207
763 207
763 203
759 203
759 207
755 207
755 213
753 213
753 215
751 215
751 211
753 211
753 205
755 205
757 205
757 199
753 199
753 203
751 203
751 199
749 199
749 201
747 201
747 203
745 203
745 201
743 201
743 199
737 199
737 197
735 197
735 199
731 199
731 203
727 203
727 201
729 201
729 197
727 197
727 199
725 199
725 201
721 201
721 203
719 203
719 199
721 199
721 197
725 197
725 195
729 195
729 191
735 191
735 193
731 193
731 195
745 195
745 197
749 197
749 195
747 195
747 189
749 189
749 187
745 187
745 185
747 185
747 183
745 183
745 181
743 181
743 179
747 179
747 181
749 181
749 179
751 179
751 181
755 181
755 183
753 183
753 187
755 187
755 195
753 195
753 197
763 197
763 199
759 199
759 201
765 201
765 199
769 199
769 197
765 197
765 195
763 195
763 191
765 191
765 193
767 193
767 195
771 195
771 199
775 199
775 197
773 197
773 195
777 195
777 193
779 193
779 199
777 199
777 201
773 201
773 203
775 203
775 205
777 205
777 209
775 209
775 207
771 207
771 205
769 205
769 201
767 201
767 209
769 209
769 211
763 211
763 213
771 213
771 209
773 209
773 213
777 213
777 211
779 211
779 207
785 207
785 211
783 211
783 217
785 217
785 215
789 215
789 217
791 217
791 213
795 213
795 211
799 211
799 213
797 213
797 215
795 215
795 217
799 217
801 217
801 215
803 215
803 219
801 219
801 223
799 223
799 225
797 225
795 225
795 227
793 227
793 225
793 223
795 223
795 221
797 221
797 219
793 219
793 221
787 221
787 219
785 219
785 223
789 223
789 227
791 227
791 229
789 229
789 231
793 231
793 233
795 233
795 237
797 237
797 233
799 233
799 231
803 231
803 233
807 233
807 231
805 231
805 229
799 229
799 227
801 227
801 225
803 225
803 223
807 223
807 221
809 221
809 223
813 223
813 233
809 233
809 235
807 235
807 237
809 237
809 239
811 239
811 237
813 237
813 243
811 243
811 241
809 241
809 243
807 243
807 245
805 245
805 247
807 247
807 249
809 249
809 245
811 245
811 247
813 247
813 245
815 245
815 247
819 247
819 249
821 249
821 251
817 251
817 249
815 249
815 251
813 251
813 257
815 257
815 255
817 255
817 257
821 257
821 259
817 259
817 261
819 261
819 263
817 263
817 269
819 269
819 265
821 265
821 267
823 267
823 265
825 265
825 263
821 263
821 261
825 261
825 259
823 259
823 257
831 257
831 259
833 259
833 267
835 267
835 257
839 257
839 255
833 255
833 253
835 253
835 251
831 251
831 253
829 253
829 255
827 255
827 249
825 249
825 251
823 251
823 247
821 247
821 245
827 245
827 241
825 241
825 243
823 243
823 241
819 241
819 243
817 243
817 241
815 241
815 239
821 239
821 237
819 237
819 235
823 235
823 231
825 231
825 233
827 233
827 231
831 231
831 229
833 229
833 231
837 231
837 233
839 233
839 229
841 229
841 233
843 233
843 231
845 231
845 235
847 235
847 233
849 233
849 227
847 227
847 225
849 225
849 223
843 223
843 221
845 221
845 219
843 219
843 217
841 217
841 213
839 213
839 215
839 219
841 219
841 223
839 223
839 227
837 227
837 225
835 225
835 227
831 227
831 225
833 225
833 223
835 223
835 221
833 221
833 215
835 215
835 213
837 213
837 211
835 211
835 209
833 209
833 213
831 213
831 211
827 211
827 207
825 207
825 201
819 201
819 199
817 199
817 191
819 191
819 193
821 193
821 191
823 191
823 189
819 189
819 187
817 187
817 189
811 189
811 195
813 195
813 197
811 197
811 199
813 199
813 203
811 203
811 201
807 201
807 199
809 199
809 197
807 197
807 189
805 189
805 187
811 187
811 183
809 183
809 185
807 185
807 183
805 183
805 185
803 185
803 189
801 189
801 185
797 185
797 187
795 187
795 183
803 183
803 181
807 181
807 179
809 179
809 175
811 175
811 179
813 179
813 181
815 181
815 183
817 183
817 185
819 185
819 183
821 183
821 185
823 185
823 183
825 183
825 181
823 181
823 177
825 177
825 179
827 179
827 175
823 175
823 173
821 173
821 169
819 169
819 167
817 167
817 163
813 163
813 161
819 161
819 165
821 165
821 163
821 159
817 159
817 157
819 157
819 153
819 151
821 151
821 149
819 149
819 143
817 143
817 139
819 139
819 137
817 137
817 133
823 133
823 135
821 135
821 143
825 143
825 141
827 141
827 143
833 143
833 145
837 145
837 147
839 147
839 149
837 149
837 151
839 151
839 155
833 155
833 153
823 153
823 155
821 155
821 157
823 157
823 161
825 161
825 163
829 163
829 165
823 165
823 167
825 167
825 173
827 173
827 171
829 171
829 173
831 173
831 177
829 177
829 181
827 181
827 187
825 187
825 189
829 189
829 191
833 191
833 195
831 195
831 201
829 201
829 197
827 197
827 203
833 203
833 201
835 201
835 199
835 197
847 197
847 195
849 195
849 193
845 193
845 195
835 195
835 193
839 193
839 191
843 191
843 189
841 189
841 187
843 187
843 185
841 185
841 183
839 183
839 181
837 181
837 179
835 179
835 181
831 181
831 179
833 179
833 175
837 175
837 173
835 173
835 171
837 171
837 169
835 169
835 167
839 167
839 171
843 171
843 169
845 169
845 167
843 167
843 165
841 165
841 157
843 157
843 159
845 159
845 151
847 151
847 153
851 153
851 151
851 149
855 149
855 147
855 145
857 145
859 145
859 143
861 143
861 141
855 141
855 143
853 143
853 147
851 147
851 143
847 143
847 145
845 145
845 147
841 147
841 141
847 141
847 137
849 137
849 135
851 135
851 137
853 137
853 133
857 133
857 135
855 135
855 137
859 137
859 131
865 131
865 133
867 133
867 131
867 125
865 125
865 127
863 127
863 123
867 123
867 121
863 121
863 119
865 119
867 119
867 115
871 115
871 113
869 113
869 111
865 111
865 109
865 107
869 107
869 105
871 105
871 103
869 103
869 101
871 101
871 99
869 99
869 97
867 97
867 105
863 105
863 107
861 107
861 105
859 105
859 111
863 111
863 113
865 113
865 115
863 115
863 117
855 117
855 115
857 115
857 113
853 113
853 119
859 119
861 119
861 123
857 123
857 121
849 121
849 125
847 125
847 127
841 127
841 129
843 129
843 133
841 133
841 135
837 135
837 131
839 131
839 129
837 129
837 113
843 113
843 107
845 107
845 109
847 109
847 111
845 111
845 113
849 113
849 111
853 111
853 105
851 105
851 107
847 107
847 105
849 105
849 101
853 101
853 99
851 99
851 97
853 97
853 95
841 95
841 97
843 97
843 103
845 103
845 105
841 105
841 101
839 101
839 109
837 109
837 97
839 97
839 91
843 91
843 93
847 93
847 91
845 91
845 89
839 89
839 87
833 87
833 85
837 85
837 79
841 79
841 77
837 77
837 75
845 75
845 71
843 71
843 69
845 69
845 67
843 67
843 65
841 65
841 63
843 63
843 59
845 59
845 63
847 63
847 65
849 65
849 57
851 57
851 55
853 55
853 57
857 57
857 59
853 59
853 61
857 61
857 63
853 63
853 67
847 67
847 69
851 69
851 71
849 71
849 73
847 73
847 81
849 81
849 79
851 79
851 75
853 75
853 71
855 71
855 73
855 77
859 77
859 71
857 71
857 67
861 67
861 73
863 73
863 71
865 71
865 69
867 69
867 73
869 73
869 69
873 69
873 71
871 71
871 77
869 77
869 81
867 81
867 85
877 85
877 83
875 83
875 77
873 77
873 75
877 75
877 77
879 77
879 73
877 73
875 73
875 69
879 69
879 71
881 71
881 73
883 73
883 75
881 75
881 81
885 81
885 83
887 83
887 77
885 77
885 75
895 75
895 71
897 71
897 69
895 69
895 67
899 67
899 69
901 69
901 63
903 63
903 61
899 61
899 57
897 57
897 55
893 55
893 51
895 51
895 49
901 49
901 45
903 45
903 47
905 47
905 45
907 45
907 41
903 41
903 39
899 39
899 37
905 37
905 39
907 39
907 35
911 35
911 37
913 37
913 39
917 39
917 43
919 43
919 41
921 41
921 39
925 39
925 35
921 35
921 33
925 33
925 31
923 31
923 29
921 29
921 27
923 27
923 25
919 25
919 23
921 23
921 15
919 15
919 13
917 13
917 17
919 17
919 19
917 19
917 23
915 23
915 25
913 25
913 27
911 27
911 33
909 33
909 31
907 31
907 33
905 33
905 35
903 35
903 33
891 33
891 35
893 35
893 37
889 37
889 35
889 33
885 33
885 35
881 35
881 37
883 37
883 39
885 39
885 37
887 37
887 39
889 39
889 41
891 41
891 45
893 45
893 43
897 43
897 41
899 41
899 47
889 47
889 49
891 49
891 53
889 53
889 55
887 55
887 57
881 57
881 55
879 55
879 57
877 57
877 61
879 61
879 59
881 59
881 63
883 63
885 63
885 65
887 65
887 69
883 69
883 67
881 67
881 65
879 65
879 67
871 67
869 67
869 63
873 63
873 65
875 65
875 61
873 61
873 59
875 59
875 57
869 57
869 55
871 55
871 53
865 53
865 55
867 55
867 59
863 59
863 61
861 61
861 63
863 63
863 65
859 65
859 59
861 59
861 57
859 57
859 55
855 55
855 47
857 47
857 45
853 45
853 43
857 43
857 37
853 37
853 39
849 39
849 41
849 45
851 45
851 47
853 47
853 49
851 49
851 51
853 51
853 53
847 53
847 55
843 55
843 57
841 57
841 55
839 55
839 53
843 53
843 49
841 49
841 47
837 47
837 45
835 45
835 43
839 43
839 41
837 41
837 39
833 39
833 49
831 49
831 45
829 45
829 51
827 51
827 55
825 55
825 57
823 57
823 59
825 59
825 65
825 69
827 69
827 71
821 71
821 69
823 69
823 67
821 67
821 63
823 63
823 61
817 61
817 57
811 57
811 55
819 55
819 53
821 53
821 55
823 55
823 53
825 53
825 47
823 47
823 41
821 41
821 39
823 39
825 39
825 35
821 35
821 37
819 37
819 33
817 33
817 29
815 29
815 31
809 31
809 33
807 33
807 29
809 29
809 27
807 27
807 25
805 25
805 27
801 27
801 29
803 29
803 31
805 31
805 37
807 37
807 35
811 35
811 39
813 39
813 41
815 41
815 43
813 43
813 45
815 45
815 49
813 49
813 47
811 47
811 49
809 49
809 47
805 47
805 39
801 39
801 43
799 43
799 41
795 41
795 39
797 39
797 37
791 37
791 35
787 35
787 29
785 29
785 35
783 35
783 27
779 27
779 29
781 29
781 31
773 31
773 29
771 29
771 25
777 25
777 23
773 23
773 21
775 21
775 19
773 19
773 17
771 17
771 15
777 15
777 19
779 19
779 25
793 25
793 27
799 27
799 25
803 25
803 23
805 23
805 21
807 21
807 23
819 23
819 17
817 17
817 15
819 15
819 13
817 13
817 11
815 11
815 9
819 9
819 11
823 11
823 13
825 13
825 15
829 15
829 11
833 11
833 5
835 5
835 1
837 1
837 5
839 5
839 1
841 1
841 3
843 3
843 1
845 1
845 3
847 3
847 5
849 5
849 11
847 11
847 7
839 7
839 9
845 9
845 13
843 13
843 11
837 11
837 7
835 7
835 13
837 13
837 15
839 15
839 21
837 21
837 19
835 19
835 17
833 17
833 21
831 21
831 23
827 23
827 27
829 27
829 33
833 33
833 31
837 31
837 29
835 29
835 27
839 27
839 33
835 33
835 35
841 35
841 37
839 37
839 39
847 39
847 35
843 35
843 31
841 31
841 29
845 29
845 33
849 33
849 35
851 35
851 31
847 31
847 29
851 29
851 27
853 27
853 25
855 25
855 23
857 23
857 21
855 21
855 19
853 19
853 21
847 21
847 23
849 23
849 27
847 27
847 25
845 25
845 21
843 21
843 19
841 19
841 17
843 17
843 15
847 15
847 13
851 13
851 17
853 17
853 15
855 15
855 13
861 13
861 11
859 11
859 9
857 9
857 7
865 7
865 9
867 9
867 11
871 11
871 7
873 7
873 5
869 5
869 3
871 3
871 1
875 1
875 3
879 3
879 5
881 5
881 7
883 7
883 5
885 5
885 1
887 1
887 7
885 7
885 13
887 13
887 15
885 15
885 17
889 17
889 15
895 15
895 21
897 21
897 17
901 17
901 11
897 11
897 9
895 9
895 11
893 11
893 13
889 13
889 11
887 11
887 9
889 9
889 7
891 7
891 9
893 9
893 5
891 5
891 1
897 1
897 3
895 3
895 5
897 5
897 7
901 7
901 5
903 5
903 7
905 7
905 9
903 9
903 11
905 11
905 13
907 13
907 3
909 3
909 5
915 5
915 1
917 1
917 3
919 3
919 9
921 9
921 5
923 5
923 3
927 3
927 5
925 5
925 13
925 17
923 17
923 19
925 19
925 21
923 21
923 23
929 23
929 21
931 21
931 19
927 19
927 17
929 17
929 15
935 15
935 13
929 13
929 11
927 11
927 9
931 9
931 7
939 7
939 9
941 9
941 5
945 5
945 1
951 1
951 7
949 7
949 9
955 9
955 7
953 7
953 5
955 5
955 1
957 1
957 3
959 3
959 5
957 5
957 7
959 7
959 9
957 9
957 11
953 11
953 13
951 13
951 11
945 11
945 13
943 13
943 15
941 15
937 15
937 17
935 17
935 19
933 19
933 21
935 21
935 23
939 23
939 25
937 25
937 27
941 27
941 31
943 31
943 23
943 21
937 21
937 19
943 19
943 17
945 17
945 15
947 15
947 13
949 13
949 17
947 17
947 19
951 19
951 17
955 17
955 19
959 19
959 21
961 21
965 21
965 17
967 17
967 15
969 15
969 13
971 13
971 15
973 15
973 25
975 25
975 31
973 31
973 29
971 29
971 27
969 27
969 31
971 31
971 33
973 33
973 35
969 35
969 33
967 33
967 23
965 23
965 27
959 27
959 23
957 23
957 21
955 21
955 25
957 25
957 27
953 27
953 25
947 25
945 25
945 29
949 29
949 27
951 27
951 29
953 29
953 33
951 33
951 31
949 31
949 35
953 35
953 41
943 41
943 45
939 45
939 43
935 43
935 47
937 47
937 49
933 49
933 51
937 51
937 57
939 57
939 59
937 59
937 61
939 61
939 63
941 63
941 65
939 65
939 69
941 69
941 67
943 67
943 71
947 71
947 69
945 69
945 67
949 67
949 69
955 69
955 71
957 71
957 69
959 69
959 73
957 73
957 75
953 75
953 77
957 77
957 79
951 79
951 77
949 77
949 75
947 75
947 73
945 73
945 75
943 75
943 77
941 77
941 81
939 81
939 83
943 83
945 83
945 77
947 77
947 85
951 85
951 81
957 81
957 87
955 87
955 83
953 83
953 91
949 91
949 89
947 89
947 93
949 93
949 97
947 97
947 99
951 99
951 97
953 97
953 95
955 95
955 89
963 89
963 97
961 97
961 101
959 101
959 103
961 103
961 107
963 107
963 105
967 105
967 103
969 103
969 105
971 105
971 109
969 109
969 111
967 111
967 115
965 115
965 123
967 123
967 125
963 125
963 129
973 129
973 127
977 127
977 125
979 125
979 123
975 123
975 125
971 125
971 127
969 127
969 123
971 123
971 121
977 121
977 117
979 117
979 115
979 113
977 113
977 111
975 111
975 115
975 119
969 119
969 121
967 121
967 117
971 117
971 113
973 113
973 103
977 103
977 105
979 105
979 103
983 103
983 101
983 99
981 99
981 101
977 101
977 99
973 99
973 97
971 97
971 101
969 101
969 99
965 99
965 93
967 93
967 91
969 91
969 89
971 89
971 91
979 91
979 93
975 93
975 97
977 97
977 95
981 95
981 97
989 97
989 93
985 93
985 91
987 91
987 85
989 85
989 87
991 87
991 83
989 83
989 81
987 81
987 79
989 79
989 77
991 77
991 81
993 81
993 83
997 83
997 85
999 85
999 89
1001 89
1001 91
1003 91
1003 93
1003 99
1005 99
1005 97
1007 97
1007 91
1005 91
1005 89
1009 89
1009 91
1011 91
1011 87
1013 87
1013 89
1015 89
1015 87
1017 87
1017 93
1015 93
1015 91
1013 91
1013 93
1009 93
1009 101
1007 101
1007 105
1005 105
1005 101
1001 101
1001 97
999 97
999 107
1001 107
1001 103
1003 103
1003 107
1005 107
1005 109
1007 109
1007 111
1003 111
1003 109
1001 109
1001 111
999 111
999 113
997 113
997 115
1003 115
1003 117
1005 117
1005 115
1009 115
1009 113
1011 113
1011 111
1019 111
1019 113
1021 113
1021 115
1023 115
1023 121
1021 121
1021 119
1019 119
1019 121
1017 121
1017 119
1015 119
1015 121
1013 121
1013 119
1011 119
1011 121
1009 121
1009 117
1007 117
1007 119
1005 119
1005 121
1007 121
1007 123
1011 123
1011 125
1009 125
1009 127
1013 127
1013 129
1015 129
1015 133
1011 133
1011 131
1007 131
1007 125
1005 125
1005 123
1003 123
1003 119
995 119
995 115
993 115
993 117
991 117
991 113
995 113
995 111
993 111
993 109
995 109
995 105
991 105
991 103
989 103
989 105
987 105
987 103
985 103
985 105
983 105
983 107
985 107
985 109
989 109
989 117
983 117
981 117
981 119
979 119
979 121
985 121
985 119
991 119
991 123
989 123
989 125
987 125
987 127
991 127
991 125
993 125
993 121
995 121
995 123
997 123
997 125
1003 125
1003 127
1005 127
1005 131
1003 131
1003 133
1007 133
1009 133
1009 135
1017 135
1017 131
1019 131
1019 127
1017 127
1017 123
1021 123
1021 125
1023 125
1023 127
1021 127
1021 131
1023 131
1023 133
1019 133
1019 137
1013 137
1013 139
1019 139
1019 141
1017 141
1017 143
1019 143
1023 143
1023 147
1021 147
1021 149
1023 149
1023 151
1023 153
1021 153
1021 155
1023 155
1023 159
1021 159
1021 157
1017 157
1017 153
1015 153
1015 149
1009 149
1009 153
1003 153
1003 151
1001 151
1001 157
1003 157
1003 159
1005 159
1005 165
1003 165
1003 161
1001 161
1001 169
995 169
995 167
989 167
989 171
991 171
991 175
993 175
993 173
995 173
995 171
997 171
997 173
999 173
999 171
1003 171
1003 167
1007 167
1007 173
1005 173
1001 173
1001 179
995 179
995 181
993 181
993 183
989 183
989 189
985 189
985 191
987 191
987 195
985 195
985 197
983 197
983 199
979 199
979 203
983 203
983 201
985 201
985 205
987 205
987 207
983 207
983 211
979 211
979 209
981 209
981 205
979 205
979 207
975 207
975 209
977 209
977 211
975 211
975 213
977 213
977 215
979 215
979 217
983 217
983 221
981 221
981 223
973 223
973 225
963 225
963 223
961 223
961 221
959 221
959 219
963 219
963 221
965 221
965 223
971 223
971 221
975 221
975 217
975 215
973 215
973 217
971 217
971 219
967 219
965 219
965 217
967 217
967 213
961 213
961 211
957 211
957 207
959 207
959 203
963 203
963 201
961 201
961 193
959 193
959 199
957 199
957 197
955 197
955 195
953 195
953 205
955 205
955 207
947 207
947 209
951 209
951 211
953 211
953 215
959 215
959 217
953 217
953 225
955 225
955 227
953 227
953 229
957 229
957 227
959 227
959 225
961 225
961 235
959 235
959 237
963 237
963 239
965 239
965 247
967 247
967 251
965 251
965 253
967 253
967 257
969 257
969 249
971 249
971 247
969 247
969 243
975 243
975 241
977 241
977 239
975 239
975 237
977 237
977 235
981 235
981 237
979 237
979 239
987 239
987 235
985 235
985 237
983 237
983 231
985 231
985 229
987 229
987 233
989 233
989 231
991 231
991 227
993 227
993 229
995 229
995 231
993 231
993 233
991 233
991 235
989 235
989 239
991 239
991 237
993 237
993 241
995 241
995 239
997 239
997 237
1001 237
1001 235
1003 235
1003 233
999 233
999 231
997 231
997 227
995 227
995 225
993 225
993 223
995 223
995 221
993 221
993 219
991 219
991 217
993 217
993 211
989 211
989 209
989 207
991 207
991 205
989 205
989 203
987 203
987 199
989 199
989 197
993 197
993 199
991 199
991 201
995 201
995 203
993 203
993 207
995 207
995 209
999 209
999 205
997 205
997 203
999 203
999 199
1005 199
1005 201
1007 201
1007 197
1011 197
1011 195
1007 195
1007 193
1009 193
1009 191
1011 191
1011 193
1013 193
1013 189
1009 189
1009 187
1015 187
1015 185
1017 185
1017 189
1015 189
1015 195
1013 195
1013 197
1017 197
1017 201
1015 201
1015 207
1019 207
1019 209
1017 209
1017 211
1015 211
1015 209
1013 209
1013 213
1015 213
1015 215
1011 215
1011 217
1017 217
1017 219
1015 219
1015 223
1019 223
1019 225
1017 225
1017 227
1015 227
1015 225
1013 225
1013 227
1011 227
1011 231
1015 231
1015 233
1013 233
1013 235
1011 235
1011 233
1009 233
1009 235
1005 235
1005 237
1003 237
1003 239
1001 239
1001 241
999 241
999 247
1001 247
1001 249
1005 249
1005 251
1003 251
1003 257
993 257
993 255
989 255
989 257
991 257
991 259
993 259
993 263
997 263
997 259
1003 259
1003 261
1005 261
1005 263
1003 263
1003 265
1001 265
1001 263
999 263
999 265
995 265
995 267
997 267
997 269
991 269
991 267
993 267
993 265
989 265
989 263
991 263
991 261
989 261
989 259
987 259
987 265
985 265
985 263
981 263
981 261
985 261
985 259
983 259
983 257
985 257
985 255
979 255
979 257
981 257
981 259
979 259
979 269
981 269
981 271
979 271
979 273
977 273
977 275
975 275
975 273
973 273
973 267
971 267
971 271
967 271
967 273
969 273
969 275
971 275
971 277
973 277
973 279
971 279
971 283
969 283
969 281
967 281
967 283
965 283
965 285
969 285
969 287
965 287
965 291
959 291
959 289
963 289
963 283
959 283
959 279
961 279
961 277
963 277
963 269
965 269
969 269
969 265
977 265
977 259
975 259
975 263
971 263
971 261
967 261
967 259
965 259
965 257
963 257
963 255
961 255
961 253
957 253
957 261
959 261
959 263
961 263
961 265
959 265
959 267
953 267
953 269
951 269
951 267
947 267
947 269
949 269
949 273
951 273
951 271
953 271
953 273
955 273
955 275
957 275
957 271
955 271
955 269
959 269
959 275
959 277
957 277
957 285
959 285
959 287
951 287
951 289
953 289
953 295
949 295
949 291
949 289
947 289
947 291
945 291
945 299
943 299
943 301
941 301
941 303
939 303
939 305
937 305
937 307
933 307
933 305
931 305
931 303
929 303
929 307
931 307
931 309
929 309
929 311
933 311
933 313
935 313
935 315
939 315
939 309
941 309
941 315
943 315
943 317
949 317
949 319
943 319
943 321
945 321
945 331
941 331
941 333
943 333
943 335
945 335
945 333
947 333
947 341
949 341
949 337
951 337
951 335
949 335
949 331
947 331
947 329
949 329
949 325
951 325
951 333
957 333
957 329
955 329
955 325
953 325
953 323
949 323
949 321
951 321
951 317
953 317
953 315
951 315
951 309
953 309
953 313
957 313
957 309
959 309
959 305
955 305
955 307
951 307
951 305
949 305
949 299
951 299
951 301
955 301
955 303
957 303
957 299
959 299
959 297
957 297
957 295
955 295
955 289
957 289
957 293
963 293
963 295
967 295
967 293
967 289
973 289
973 291
975 291
975 287
971 287
971 285
973 285
973 283
975 283
975 285
979 285
979 287
983 287
983 285
981 285
981 283
983 283
983 281
985 281
985 291
987 291
987 289
989 289
989 287
991 287
991 285
989 285
989 283
987 283
987 271
983 271
983 267
989 267
989 269
989 277
993 277
993 279
995 279
995 281
997 281
997 273
995 273
995 275
991 275
991 271
993 271
999 271
999 273
1001 273
1001 269
999 269
999 267
1003 267
1003 269
1007 269
1007 271
1003 271
1003 273
1005 273
1005 275
1009 275
1009 273
1009 267
1007 267
1007 265
1007 261
1009 261
1009 259
1007 259
1007 255
1005 255
1005 253
1007 253
1007 251
1009 251
1009 249
1007 249
1007 243
1005 243
1005 247
1003 247
1003 245
1001 245
1001 243
1003 243
1003 241
1009 241
1009 247
1015 247
1015 249
1013 249
1013 255
1011 255
1011 257
1013 257
1013 259
1011 259
1011 263
1009 263
1009 265
1015 265
1015 261
1015 257
1019 257
1019 263
1021 263
1021 255
1023 255
1023 265
1019 265
1019 267
1021 267
1021 269
1017 269
1017 271
1019 271
1019 273
1021 273
1021 277
1023 277
1023 281
1021 281
1021 279
1019 279
1019 277
1013 277
1013 279
1011 279
1011 283
1013 283
1013 281
1015 281
1015 283
1017 283
1017 281
1019 281
1019 283
1023 283
1023 285
1019 285
1019 289
1021 289
1021 287
1023 287
1023 293
1021 293
1021 295
1023 295
1023 311
1021 311
1021 315
1023 315
1023 317
1021 317
1021 323
1023 323
1023 325
1021 325
1021 327
1015 327
1015 333
1017 333
1017 331
1019 331
1019 329
1021 329
1021 331
1023 331
1023 333
1019 333
1019 335
1013 335
1013 333
1011 333
1011 339
1009 339
1009 337
1005 337
1005 339
1007 339
1007 343
1009 343
1009 341
1013 341
1013 339
1015 339
1015 345
1013 345
1013 351
1015 351
1015 353
1017 353
1017 349
1019 349
1019 353
1021 353
1021 351
1023 351
1023 355
1015 355
1015 357
1017 357
1017 363
1019 363
1019 357
1023 357
1023 361
1021 361
1021 365
1023 365
1023 367
1019 367
1019 365
1017 365
1017 367
1013 367
1013 363
1015 363
1015 361
1011 361
1011 363
1005 363
1005 365
1003 365
1003 361
1009 361
1009 359
1013 359
1013 353
1011 353
1011 351
1009 351
1009 347
1011 347
1011 345
1007 345
1007 351
1005 351
1005 343
1003 343
1003 341
1003 339
1001 339
1001 335
999 335
999 337
997 337
997 339
995 339
995 341
991 341
991 343
995 343
995 351
993 351
993 353
991 353
991 355
995 355
995 353
999 353
999 349
997 349
997 345
999 345
999 343
1001 343
1001 347
1001 349
1003 349
1003 351
1001 351
1001 359
999 359
999 355
997 355
997 357
989 357
989 351
991 351
991 347
989 347
989 345
989 339
993 339
993 337
995 337
995 335
993 335
993 333
991 333
991 331
989 331
989 333
987 333
987 329
985 329
985 331
983 331
983 337
987 337
987 347
981 347
981 349
977 349
977 347
979 347
979 345
983 345
983 343
985 343
985 339
979 339
979 337
977 337
977 333
981 333
981 331
975 331
975 339
969 339
969 341
971 341
971 343
967 343
967 341
965 341
965 339
967 339
967 337
963 337
963 339
961 339
961 341
963 341
963 343
957 343
957 341
959 341
959 337
961 337
961 331
959 331
959 335
957 335
957 339
955 339
955 337
953 337
953 339
951 339
951 341
953 341
953 343
955 343
955 345
959 345
959 347
957 347
957 353
959 353
959 351
961 351
961 349
967 349
967 351
971 351
971 347
975 347
975 353
977 353
977 351
981 351
981 353
983 353
983 355
981 355
981 361
979 361
979 359
977 359
977 357
975 357
975 363
977 363
979 363
979 365
985 365
985 363
987 363
987 367
983 367
983 371
985 371
985 375
987 375
987 369
989 369
989 375
993 375
993 377
995 377
995 383
993 383
993 389
997 389
997 391
999 391
999 395
1001 395
1001 397
999 397
999 399
1003 399
1003 397
1005 397
1005 399
1007 399
1007 395
1009 395
1009 405
1013 405
1013 403
1011 403
1011 401
1013 401
1013 397
1011 397
1011 395
1013 395
1013 393
1017 393
1017 395
1023 395
1023 399
1021 399
1021 401
1023 401
1023 403
1021 403
1021 409
1019 409
1019 405
1017 405
1017 403
1019 403
1019 399
1017 399
1017 397
1015 397
1015 401
1015 407
1017 407
1017 413
1015 413
1015 411
1013 411
1013 415
1019 415
1019 413
1021 413
1021 417
1019 417
1019 419
1017 419
1017 421
1021 421
1021 419
1023 419
1023 431
1021 431
1021 435
1019 435
1019 433
1017 433
1017 437
1023 437
1023 439
1019 439
1019 441
1021 441
1021 449
1017 449
1017 443
1015 443
1015 441
1017 441
1017 439
1013 439
1013 441
1011 441
1011 435
1013 435
1013 437
1015 437
1015 433
1011 433
1011 429
1013 429
1013 427
1009 427
1009 431
1007 431
1007 427
1005 427
1005 429
1001 429
1001 425
999 425
999 429
997 429
997 425
995 425
995 429
989 429
989 433
987 433
987 435
995 435
995 433
991 433
991 431
1001 431
1001 433
999 433
999 435
997 435
997 439
993 439
993 437
987 437
987 439
985 439
985 437
983 437
983 431
979 431
979 427
977 427
977 425
975 425
975 427
969 427
969 425
967 425
967 427
965 427
965 425
961 425
961 427
955 427
955 429
953 429
953 433
955 433
955 431
957 431
957 435
959 435
959 433
961 433
961 443
959 443
959 439
957 439
957 445
955 445
955 441
953 441
953 439
955 439
955 437
953 437
953 435
951 435
951 431
949 431
949 435
941 435
941 431
947 431
947 429
951 429
951 425
953 425
959 425
959 417
961 417
961 415
959 415
959 413
965 413
965 415
967 415
967 411
971 411
971 409
973 409
973 403
971 403
971 399
973 399
973 397
969 397
969 401
967 401
967 399
965 399
965 403
963 403
963 401
961 401
961 399
959 399
959 397
949 397
949 391
947 391
947 393
945 393
945 391
943 391
943 393
939 393
939 391
941 391
941 389
943 389
943 385
945 385
945 389
951 389
951 391
955 391
955 389
957 389
957 387
955 387
955 385
959 385
959 389
963 389
963 391
961 391
961 395
963 395
963 393
969 393
969 395
971 395
971 391
975 391
975 389
973 389
973 387
971 387
971 385
969 385
969 383
973 383
973 377
975 377
975 383
977 383
977 377
979 377
979 375
983 375
983 373
975 373
975 375
973 375
973 371
967 371
967 375
965 375
965 365
963 365
963 363
965 363
965 361
961 361
961 363
955 363
955 369
953 369
953 359
945 359
945 361
943 361
943 363
947 363
947 361
949 361
949 363
951 363
951 365
949 365
949 367
951 367
951 371
949 371
949 369
947 369
947 371
945 371
945 377
947 377
947 373
953 373
953 371
961 371
961 375
963 375
963 377
967 377
967 379
969 379
969 381
965 381
965 379
963 379
963 381
961 381
961 383
951 383
951 385
949 385
949 383
947 383
947 381
949 381
949 379
941 379
941 377
943 377
943 369
945 369
945 367
943 367
943 365
941 365
941 369
939 369
939 375
927 375
927 377
925 377
925 375
917 375
917 377
915 377
915 373
917 373
917 369
921 369
921 367
923 367
923 365
921 365
921 363
919 363
919 367
915 367
915 371
913 371
913 379
915 379
915 381
913 381
913 383
915 383
915 385
911 385
911 387
907 387
907 381
909 381
909 383
911 383
911 377
905 377
905 379
905 381
899 381
899 379
893 379
893 377
895 377
895 375
897 375
897 377
899 377
899 375
901 375
901 377
903 377
903 375
907 375
907 373
909 373
909 375
911 375
911 371
907 371
907 367
909 367
909 369
911 369
911 365
909 365
909 363
915 363
915 365
917 365
917 361
915 361
915 355
913 355
913 361
911 361
911 359
909 359
909 361
907 361
907 363
905 363
905 365
903 365
903 367
905 367
905 373
903 373
903 369
901 369
901 373
899 373
899 369
897 369
897 371
893 371
893 373
893 375
891 375
891 377
887 377
887 379
885 379
885 381
887 381
887 383
891 383
891 381
893 381
893 385
895 385
895 389
891 389
891 387
889 387
889 385
887 385
887 387
887 389
889 389
889 397
891 397
891 391
897 391
897 393
905 393
905 397
907 397
907 399
911 399
911 403
909 403
909 405
911 405
911 407
919 407
919 405
921 405
921 403
917 403
917 405
913 405
913 403
915 403
915 399
917 399
917 397
913 397
913 391
911 391
911 389
913 389
913 387
915 387
915 391
917 391
917 395
919 395
919 393
923 393
923 397
921 397
919 397
919 401
925 401
925 407
927 407
927 409
929 409
929 407
933 407
933 409
931 409
931 413
929 413
929 417
933 417
933 415
935 415
935 419
925 419
925 423
921 423
921 425
919 425
919 427
921 427
921 431
927 431
927 433
925 433
925 435
927 435
927 437
929 437
929 439
925 439
925 443
927 443
927 441
931 441
931 443
933 443
933 445
929 445
929 447
937 447
937 451
929 451
929 449
927 449
927 447
925 447
925 451
923 451
923 445
919 445
919 447
917 447
917 443
919 443
919 437
917 437
917 439
915 439
915 435
921 435
921 437
923 437
923 433
915 433
915 431
917 431
917 429
913 429
913 427
915 427
915 425
917 425
917 419
919 419
919 415
915 415
915 413
911 413
911 417
913 417
915 417
915 423
913 423
913 421
911 421
911 419
909 419
909 423
907 423
907 419
903 419
903 415
901 415
901 413
909 413
909 411
905 411
905 409
907 409
907 407
907 405
905 405
905 407
901 407
901 411
899 411
899 405
897 405
897 413
893 413
893 415
899 415
899 417
901 417
901 419
895 419
895 417
893 417
893 425
889 425
889 429
891 429
891 427
895 427
895 435
891 435
891 437
889 437
889 433
887 433
887 431
885 431
885 429
883 429
883 427
885 427
885 421
887 421
887 423
891 423
891 419
889 419
883 419
883 421
879 421
879 423
877 423
877 421
875 421
875 425
873 425
873 421
871 421
871 427
869 427
869 423
865 423
865 421
867 421
867 419
861 419
861 415
855 415
855 417
859 417
859 423
861 423
861 427
865 427
865 425
867 425
867 429
871 429
871 431
873 431
873 435
877 435
877 439
879 439
879 437
883 437
883 449
885 449
885 445
889 445
889 447
893 447
893 453
891 453
891 451
889 451
889 461
885 461
885 459
887 459
887 457
885 457
885 455
887 455
887 451
883 451
883 453
877 453
877 451
873 451
873 449
871 449
871 453
873 453
873 461
877 461
877 463
881 463
881 465
883 465
883 467
885 467
885 465
889 465
889 467
891 467
891 465
897 465
897 467
901 467
901 463
899 463
899 461
901 461
901 457
897 457
897 459
897 463
895 463
895 455
897 455
897 453
895 453
895 451
897 451
897 445
895 445
895 443
897 443
897 441
899 441
899 447
901 447
901 445
903 445
903 447
907 447
907 443
909 443
909 441
913 441
913 447
915 447
915 451
919 451
919 453
917 453
917 455
921 455
921 457
915 457
915 453
913 453
913 455
907 455
907 457
909 457
909 459
913 459
913 463
911 463
911 465
917 465
917 467
913 467
913 469
915 469
915 471
919 471
919 475
921 475
921 477
919 477
919 479
921 479
921 483
919 483
919 489
921 489
921 499
925 499
925 501
931 501
931 513
927 513
927 515
935 515
935 517
937 517
937 507
939 507
939 503
941 503
941 505
943 505
943 503
945 503
945 505
947 505
947 507
949 507
949 509
947 509
947 511
945 511
945 513
943 513
943 515
947 515
947 513
951 513
951 515
955 515
955 517
959 517
959 515
961 515
961 511
963 511
963 513
967 513
967 515
965 515
965 525
967 525
967 521
969 521
969 517
971 517
971 513
969 513
969 511
971 511
971 509
969 509
969 507
973 507
973 509
979 509
979 513
981 513
981 511
983 511
983 509
981 509
981 507
985 507
985 509
987 509
987 507
989 507
989 505
991 505
991 507
993 507
993 509
991 509
991 515
989 515
989 517
987 517
987 519
989 519
989 523
987 523
987 527
985 527
985 525
983 525
983 523
977 523
977 527
979 527
979 525
981 525
981 527
983 527
983 529
981 529
981 531
985 531
985 535
989 535
989 537
991 537
991 541
987 541
987 539
987 537
985 537
985 539
983 539
983 541
985 541
985 543
983 543
983 545
979 545
979 543
973 543
973 541
971 541
971 539
981 539
981 537
977 537
977 535
975 535
975 537
973 537
973 533
975 533
975 531
977 531
977 533
979 533
979 529
975 529
975 527
971 527
971 525
973 525
973 523
971 523
969 523
969 531
965 531
965 529
963 529
963 527
961 527
961 525
963 525
963 523
959 523
959 521
951 521
951 519
949 519
949 523
957 523
957 525
959 525
959 529
957 529
957 531
961 531
963 531
963 533
967 533
967 541
969 541
969 543
963 543
963 547
965 547
965 551
961 551
961 553
957 553
957 551
955 551
955 549
959 549
961 549
961 547
957 547
957 543
959 543
959 545
961 545
961 541
965 541
965 537
961 537
961 535
961 533
959 533
959 539
955 539
955 541
955 543
953 543
953 537
955 537
955 535
953 535
953 533
947 533
947 537
941 537
941 535
929 535
929 537
931 537
931 541
929 541
929 539
927 539
927 541
927 543
929 543
929 545
931 545
931 547
933 547
933 545
935 545
935 541
937 541
937 543
941 543
941 551
947 551
947 553
951 553
951 555
953 555
953 553
955 553
955 555
961 555
961 559
963 559
963 561
967 561
967 557
971 557
971 555
965 555
965 557
963 557
963 553
969 553
969 547
967 547
967 545
971 545
973 545
973 549
975 549
975 547
977 547
979 547
979 549
985 549
985 551
989 551
989 555
991 555
991 557
993 557
993 559
995 559
995 561
993 561
993 565
991 565
991 569
987 569
987 565
985 565
985 567
983 567
983 569
985 569
985 571
987 571
987 577
985 577
985 579
983 579
983 585
977 585
977 587
985 587
985 585
987 585
987 583
989 583
989 591
987 591
987 589
981 589
981 591
979 591
979 589
977 589
977 593
979 593
979 595
977 595
977 597
975 597
975 599
977 599
977 601
979 601
979 597
981 597
981 595
985 595
985 597
983 597
983 599
981 599
981 603
987 603
987 605
985 605
985 611
983 611
983 605
979 605
979 603
977 603
977 609
979 609
979 607
981 607
981 611
975 611
975 609
973 609
973 605
975 605
975 601
973 601
973 599
971 599
971 603
967 603
967 597
969 597
969 595
971 595
971 597
973 597
973 593
969 593
969 591
965 591
965 593
967 593
967 595
961 595
961 597
957 597
957 599
965 599
965 601
961 601
961 603
961 611
965 611
965 609
963 609
963 607
965 607
965 605
967 605
967 615
965 615
965 617
969 617
969 621
973 621
973 623
971 623
971 627
973 627
973 629
969 629
969 627
967 627
967 625
969 625
969 623
965 623
965 629
963 629
963 627
961 627
961 631
967 631
967 633
969 633
969 631
971 631
971 637
969 637
969 639
967 639
967 635
965 635
965 643
969 643
969 645
965 645
965 647
971 647
971 649
973 649
973 651
971 651
971 655
973 655
973 653
975 653
975 651
977 651
977 649
975 649
975 645
977 645
977 647
979 647
979 641
977 641
977 643
973 643
973 645
971 645
971 641
973 641
973 639
973 635
977 635
977 637
975 637
975 639
979 639
979 633
981 633
981 627
979 627
979 631
977 631
977 629
975 629
975 625
977 625
979 625
979 623
977 623
977 621
979 621
979 615
977 615
977 619
975 619
971 619
971 617
975 617
975 613
981 613
981 615
983 615
983 617
981 617
981 621
983 621
983 619
985 619
985 613
987 613
987 611
989 611
989 607
993 607
993 603
991 603
991 605
989 605
989 597
987 597
987 595
989 595
989 593
991 593
991 591
993 591
993 587
995 587
995 581
993 581
993 585
991 585
991 577
993 577
993 575
995 575
995 579
997 579
997 581
999 581
999 583
997 583
997 589
999 589
999 587
1003 587
1003 585
1001 585
1001 581
1003 581
1003 583
1005 583
1005 577
1003 577
1003 579
1001 579
1001 577
999 577
997 577
997 573
991 573
991 575
989 575
989 571
993 571
993 569
995 569
995 571
997 571
997 567
999 567
999 569
1001 569
1001 571
1005 571
1005 567
1003 567
1001 567
1001 565
999 565
999 563
1001 563
1001 561
1009 561
1009 563
1007 563
1007 565
1007 567
1009 567
1009 565
1015 565
1015 563
1017 563
1017 561
1021 561
1021 557
1019 557
1019 553
1021 553
1021 551
1017 551
1017 549
1019 549
1019 545
1017 545
1017 543
1019 543
1019 541
1021 541
1021 537
1019 537
1019 535
1011 535
1011 537
1015 537
1015 539
1013 539
1013 543
1015 543
1015 545
1013 545
1013 551
1011 551
1011 553
1013 553
1013 557
1011 557
1011 555
1009 555
1009 559
1007 559
1007 555
1005 555
1005 559
1001 559
1001 557
999 557
999 555
995 555
995 553
993 553
991 553
991 549
987 549
987 545
987 543
989 543
989 545
991 545
991 547
997 547
997 549
999 549
999 545
993 545
993 543
995 543
995 541
993 541
993 539
995 539
995 537
993 537
993 535
1001 535
1001 525
997 525
997 531
995 531
995 533
993 533
993 527
991 527
991 525
993 525
993 521
991 521
991 517
993 517
993 519
995 519
995 515
993 515
993 511
995 511
995 505
993 505
993 503
991 503
991 501
995 501
995 499
991 499
991 495
993 495
993 497
995 497
995 495
997 495
997 501
999 501
999 499
1001 499
1001 497
1003 497
1003 493
1001 493
1001 495
999 495
999 491
1001 491
1001 485
1003 485
1003 491
1007 491
1007 493
1005 493
1005 497
1007 497
1007 499
1003 499
1003 501
1007 501
1007 503
1003 503
1003 507
1001 507
1001 511
999 511
999 513
997 513
997 519
1003 519
1003 523
1007 523
1007 521
1009 521
1009 523
1011 523
1011 515
1009 515
1009 513
1011 513
1011 509
1013 509
1013 513
1015 513
1015 509
1017 509
1017 505
1023 505
1023 507
1021 507
1021 509
1019 509
1019 511
1023 511
1023 513
1021 513
1021 515
1017 515
1017 517
1015 517
1015 515
1013 515
1013 521
1015 521
1015 519
1019 519
1019 521
1017 521
1017 523
1023 523
1023 525
1019 525
1019 527
1023 527
1023 529
1021 529
1021 531
1015 531
1015 529
1009 529
1009 533
1011 533
1011 531
1013 531
1013 533
1023 533
1023 535
1023 545
1021 545
1021 547
1023 547
1023 549
1023 555
1023 563
1019 563
1019 567
1021 567
1021 565
1023 565
1023 571
1021 571
1021 575
1023 575
1023 577
1021 577
1021 579
1023 579
1023 583
1021 583
1021 581
1019 581
1019 575
1015 575
1015 577
1011 577
1011 575
1013 575
1013 573
1007 573
1007 575
1007 577
1009 577
1009 579
1017 579
1017 587
1015 587
1015 589
1021 589
1021 587
1019 587
1019 585
1023 585
1023 597
1021 597
1021 595
1019 595
1019 591
1017 591
1017 595
1015 595
1015 597
1017 597
1017 603
1013 603
1013 601
1011 601
1011 603
1009 603
1009 605
1003 605
1003 603
1007 603
1007 601
1003 601
1003 599
1001 599
1001 597
999 597
999 595
1001 595
1001 593
999 593
999 591
995 591
995 595
993 595
993 597
997 597
997 599
991 599
991 601
995 601
995 603
1001 603
1001 605
997 605
997 609
999 609
999 607
1011 607
1011 609
1009 609
1009 615
1005 615
1005 617
1009 617
1009 619
1015 619
1015 617
1017 617
1017 619
1023 619
1023 625
1017 625
1017 623
1021 623
1021 621
1015 621
1015 623
1011 623
1011 621
1007 621
1007 627
1009 627
1009 629
1005 629
1005 631
1007 631
1007 633
999 633
999 631
1003 631
1003 625
1005 625
1005 621
1003 621
1003 619
999 619
999 625
995 625
995 629
989 629
989 627
987 627
987 629
985 629
985 631
983 631
983 635
981 635
981 637
983 637
983 639
981 639
981 641
983 641
983 647
987 647
987 643
985 643
985 639
989 639
989 641
989 643
993 643
993 641
991 641
991 635
989 635
989 633
987 633
987 631
991 631
991 633
995 633
995 635
993 635
993 639
1001 639
1001 635
1009 635
1009 637
1013 637
1013 635
1011 635
1011 633
1009 633
1009 631
1011 631
1011 627
1013 627
1013 625
1015 625
1015 629
1013 629
1013 633
1015 633
1015 631
1021 631
1021 627
1023 627
1023 637
1019 637
1019 639
1017 639
1017 641
1021 641
1021 643
1019 643
1019 645
1021 645
1021 647
1023 647
1023 653
1021 653
1021 657
1023 657
1023 667
1021 667
1021 661
1017 661
1017 657
1019 657
1019 655
1017 655
1017 653
1019 653
1019 649
1019 647
1017 647
1017 645
1013 645
1013 647
1015 647
1015 649
1011 649
1011 653
1007 653
1007 657
1005 657
1005 659
1003 659
1003 651
1005 651
1005 649
1007 649
1007 651
1009 651
1009 647
1011 647
1011 645
1009 645
1009 639
1007 639
1007 641
1005 641
1005 639
1003 639
1003 643
1001 643
1001 641
999 641
999 645
997 645
997 647
993 647
993 645
991 645
991 647
989 647
989 649
991 649
991 653
987 653
987 655
991 655
991 657
995 657
995 659
987 659
987 657
985 657
985 651
987 651
987 649
981 649
981 651
983 651
983 653
981 653
981 655
977 655
977 657
975 657
967 657
967 659
975 659
975 661
971 661
971 663
969 663
969 665
971 665
971 669
979 669
979 671
975 671
975 675
977 675
977 677
983 677
983 673
981 673
981 669
983 669
983 667
985 667
985 671
985 677
989 677
989 675
987 675
987 665
985 665
985 663
983 663
983 665
981 665
981 659
983 659
983 661
985 661
991 661
991 663
993 663
993 665
997 665
997 669
995 669
995 667
993 667
993 671
991 671
991 667
989 667
989 673
991 673
991 675
993 675
993 673
995 673
995 677
991 677
991 683
989 683
989 687
987 687
987 697
991 697
991 695
993 695
993 693
1003 693
1003 695
1001 695
1001 701
1007 701
1007 707
1009 707
1009 709
1017 709
1017 705
1015 705
1015 703
1013 703
1013 705
1011 705
1011 701
1009 701
1009 699
1015 699
1015 701
1017 701
1017 703
1019 703
1019 705
1021 705
1021 707
1019 707
1019 709
1021 709
1021 711
1023 711
1023 713
1021 713
1021 715
1017 715
1017 713
1019 713
1019 711
1015 711
1015 713
1013 713
1013 711
1009 711
1009 715
1011 715
1013 715
1013 719
1015 719
1015 721
1019 721
1019 719
1021 719
1021 721
1023 721
1023 729
1021 729
1021 731
1019 731
1019 727
1021 727
1021 723
1019 723
1019 725
1017 725
1017 723
1013 723
1013 725
1015 725
1015 727
1017 727
1017 729
1013 729
1013 733
1009 733
1009 737
1007 737
1007 733
1003 733
1003 735
1005 735
1005 741
1007 741
1007 739
1009 739
1009 741
1013 741
1013 739
1011 739
1011 737
1015 737
1015 735
1015 731
1017 731
1017 735
1021 735
1021 741
1023 741
1023 749
1019 749
1019 751
1023 751
1023 753
1021 753
1021 757
1023 757
1023 759
1015 759
1015 755
1013 755
1013 761
1011 761
1011 759
1007 759
1007 761
1009 761
1009 763
1013 763
1013 765
1015 765
1015 761
1017 761
1017 771
1015 771
1015 777
1017 777
1017 781
1015 781
1015 783
1019 783
1019 785
1013 785
1013 783
1011 783
1011 781
1013 781
1013 779
1009 779
1009 773
1013 773
1013 771
1007 771
1007 773
1003 773
1003 771
1001 771
1001 779
1003 779
1003 777
1005 777
1005 783
1003 783
1003 785
1001 785
1001 787
999 787
999 785
997 785
997 787
987 787
987 789
991 789
991 791
989 791
989 793
991 793
991 795
993 795
993 793
997 793
997 797
995 797
995 799
1005 799
1005 801
997 801
997 803
993 803
993 805
991 805
991 807
989 807
989 809
991 809
991 813
997 813
997 811
999 811
999 815
1001 815
1001 819
1003 819
1003 817
1009 817
1009 813
1013 813
1013 817
1011 817
1011 819
1017 819
1017 821
1015 821
1015 823
1013 823
1013 825
1015 825
1015 827
1011 827
1011 825
1009 825
1009 829
1007 829
1007 831
1003 831
1003 829
1005 829
1005 827
1003 827
1003 825
1007 825
1007 823
1011 823
1011 821
1009 821
1009 819
1005 819
1005 821
997 821
997 823
995 823
995 817
993 817
993 819
989 819
989 817
991 817
991 815
989 815
989 811
983 811
983 807
979 807
979 811
975 811
975 809
969 809
969 811
967 811
967 807
965 807
965 805
967 805
967 803
971 803
971 799
973 799
973 797
967 797
967 799
965 799
965 801
963 801
963 803
955 803
955 805
959 805
959 807
955 807
955 809
951 809
951 811
949 811
949 809
947 809
947 807
941 807
941 805
945 805
945 801
941 801
941 797
943 797
943 795
945 795
945 797
947 797
947 799
947 801
949 801
949 803
947 803
947 805
949 805
949 807
951 807
951 801
953 801
955 801
955 795
953 795
953 797
951 797
951 799
949 799
949 795
951 795
951 793
947 793
945 793
945 787
941 787
941 789
939 789
939 787
937 787
937 785
945 785
945 783
941 783
941 781
943 781
943 775
947 775
947 773
949 773
949 769
947 769
947 771
945 771
945 769
943 769
943 771
941 771
941 769
939 769
939 773
941 773
941 779
939 779
939 775
935 775
935 773
937 773
937 771
935 771
935 769
935 767
933 767
933 783
933 787
935 787
935 795
937 795
937 793
941 793
941 795
939 795
939 803
935 803
935 805
937 805
937 809
939 809
941 809
941 811
943 811
943 809
945 809
945 813
943 813
943 815
941 815
941 819
939 819
939 823
937 823
937 821
933 821
933 823
935 823
935 825
941 825
941 821
943 821
943 827
941 827
941 829
943 829
943 831
935 831
935 829
937 829
937 827
933 827
933 833
931 833
931 835
927 835
927 831
929 831
931 831
931 827
929 827
929 829
927 829
927 825
931 825
931 819
929 819
929 815
933 815
933 811
935 811
935 807
933 807
933 809
931 809
931 803
927 803
927 801
931 801
931 797
929 797
929 795
927 795
927 793
933 793
933 789
927 789
927 791
923 791
923 793
921 793
921 791
919 791
919 795
923 795
923 797
925 797
925 799
921 799
921 797
919 797
919 803
921 803
921 801
923 801
923 803
925 803
925 805
929 805
929 809
925 809
925 811
923 811
923 807
921 807
921 811
919 811
919 815
917 815
917 817
913 817
913 819
913 823
923 823
923 821
917 821
917 819
923 819
923 817
921 817
921 813
927 813
927 815
925 815
925 819
927 819
927 823
925 823
925 827
923 827
923 831
921 831
921 827
919 827
919 825
917 825
917 827
913 827
913 825
911 825
911 833
909 833
909 835
907 835
907 833
905 833
905 831
901 831
901 833
903 833
903 835
901 835
901 837
903 837
903 845
905 845
905 839
909 839
909 837
911 837
911 835
913 835
913 841
911 841
909 841
909 843
907 843
907 847
909 847
909 845
911 845
911 843
915 843
915 845
913 845
913 849
917 849
917 853
919 853
919 857
917 857
917 855
915 855
915 865
913 865
913 869
917 869
917 871
915 871
915 873
909 873
909 871
907 871
907 873
905 873
905 869
907 869
907 867
909 867
909 869
911 869
911 863
913 863
913 859
911 859
911 851
909 851
909 853
899 853
899 851
897 851
897 855
901 855
901 859
905 859
905 855
907 855
907 857
909 857
909 859
907 859
907 861
905 861
905 865
903 865
903 867
895 867
895 865
899 865
899 863
895 863
895 861
893 861
893 865
891 865
891 863
889 863
889 869
887 869
887 863
885 863
885 871
889 871
889 875
895 875
895 881
897 881
897 883
901 883
901 889
895 889
895 891
897 891
897 895
899 895
899 893
907 893
907 891
905 891
905 889
909 889
909 887
905 887
905 885
909 885
909 883
911 883
911 885
915 885
915 887
921 887
921 885
919 885
919 881
917 881
917 879
915 879
915 881
913 881
913 877
915 877
915 875
917 875
917 877
919 877
919 879
923 879
923 881
921 881
921 883
925 883
925 875
927 875
927 873
929 873
929 871
931 871
931 869
929 869
929 867
935 867
935 869
933 869
933 871
935 871
935 875
937 875
937 873
939 873
939 885
937 885
937 887
939 887
939 889
947 889
947 891
951 891
951 887
949 887
949 885
951 885
951 883
957 883
957 881
951 881
951 879
949 879
949 875
945 875
945 873
941 873
941 869
943 869
943 871
949 871
949 865
947 865
947 869
945 869
945 861
943 861
943 859
945 859
945 857
947 857
947 859
949 859
949 861
951 861
951 863
955 863
955 859
959 859
959 857
955 857
955 855
953 855
953 853
957 853
957 855
965 855
965 853
969 853
969 851
967 851
967 849
969 849
969 845
967 845
967 841
965 841
965 847
965 851
963 851
963 849
961 849
961 845
963 845
963 843
961 843
961 841
959 841
959 845
957 845
957 847
959 847
959 851
953 851
953 847
947 847
947 845
945 845
945 847
943 847
943 843
941 843
941 849
951 849
951 851
949 851
949 853
947 853
947 855
941 855
941 857
935 857
935 859
939 859
939 861
937 861
937 863
941 863
941 867
939 867
939 871
937 871
937 865
933 865
933 863
935 863
935 861
929 861
929 863
931 863
931 865
927 865
927 869
925 869
925 861
927 861
927 859
923 859
923 855
925 855
925 857
927 857
927 851
925 851
925 853
923 853
923 851
921 851
919 851
919 837
915 837
915 835
923 835
923 837
925 837
925 841
931 841
931 843
925 843
925 845
927 845
927 847
929 847
929 845
933 845
933 841
935 841
935 839
933 839
933 837
939 837
939 835
941 835
941 837
947 837
947 835
953 835
953 833
959 833
959 835
961 835
961 833
969 833
969 831
977 831
977 833
975 833
975 835
973 835
973 839
971 839
971 841
975 841
975 843
977 843
977 845
973 845
973 847
975 847
975 849
973 849
973 851
971 851
971 853
973 853
973 855
971 855
971 857
967 857
965 857
965 859
961 859
961 861
963 861
963 865
961 865
961 863
959 863
959 865
957 865
957 871
951 871
951 873
955 873
955 877
953 877
953 879
965 879
965 887
963 887
963 885
959 885
957 885
957 889
959 889
959 893
963 893
963 889
967 889
967 887
969 887
969 895
973 895
973 901
971 901
971 897
965 897
965 895
961 895
961 899
959 899
959 901
961 901
961 903
969 903
969 911
967 911
967 907
963 907
963 909
961 909
961 911
963 911
963 913
965 913
967 913
967 917
969 917
969 913
973 913
973 909
971 909
971 905
975 905
975 907
975 909
979 909
979 907
977 907
977 905
979 905
979 903
975 903
975 901
979 901
979 897
983 897
983 901
981 901
981 907
983 907
983 909
985 909
985 911
983 911
983 913
987 913
987 915
985 915
985 917
981 917
981 919
979 919
979 925
983 925
983 927
979 927
979 929
983 929
983 941
985 941
985 943
987 943
987 945
991 945
991 943
995 943
995 945
997 945
997 947
999 947
999 949
997 949
997 951
1001 951
1001 953
995 953
995 947
993 947
993 949
991 949
991 947
989 947
989 951
991 951
991 953
993 953
993 955
1005 955
1005 963
1001 963
1001 967
1003 967
1003 971
1001 971
1001 969
999 969
999 967
997 967
997 957
995 957
995 959
993 959
993 963
995 963
995 967
993 967
993 969
991 969
991 971
993 971
993 975
991 975
991 973
989 973
989 967
991 967
991 965
987 965
987 961
985 961
985 963
981 963
981 967
977 967
977 963
975 963
975 965
973 965
973 967
975 967
975 969
973 969
973 977
975 977
975 979
977 979
977 977
979 977
979 973
983 973
983 975
987 975
987 977
989 977
989 979
993 979
993 977
995 977
995 973
997 973
997 971
999 971
999 973
1001 973
1001 975
1009 975
1009 977
1005 977
1005 979
1007 979
1007 981
1005 981
1005 983
999 983
999 985
997 985
997 983
995 983
995 985
987 985
987 989
985 989
985 991
983 991
983 987
985 987
985 985
977 985
977 989
975 989
975 983
973 983
973 981
971 981
971 979
967 979
967 983
965 983
965 985
969 985
969 983
971 983
971 985
973 985
973 987
971 987
971 989
973 989
973 991
975 991
975 995
973 995
973 1005
971 1005
971 1009
969 1009
969 1011
965 1011
965 1003
967 1003
967 1007
969 1007
969 1003
971 1003
971 993
967 993
967 995
959 995
959 997
961 997
961 1005
963 1005
963 1009
961 1009
961 1011
957 1011
957 1009
959 1009
959 1007
959 1005
957 1005
957 1007
955 1007
955 1009
951 1009
951 1007
949 1007
949 1013
947 1013
947 1015
945 1015
945 1021
947 1021
947 1023
953 1023
953 1017
957 1017
957 1015
955 1015
955 1013
961 1013
961 1015
963 1015
963 1013
965 1013
965 1015
967 1015
967 1019
969 1019
969 1021
967 1021
967 1023
971 1023
971 1019
977 1019
977 1017
975 1017
975 1013
971 1013
971 1011
975 1011
975 1009
977 1009
977 1011
979 1011
979 1013
981 1013
981 1019
983 1019
983 1023
985 1023
985 1021
987 1021
987 1023
989 1023
989 1021
991 1021
991 1023
997 1023
997 1021
993 1021
993 1015
991 1015
991 1019
989 1019
989 1015
987 1015
987 1019
985 1019
985 1013
983 1013
983 1005
985 1005
985 1003
987 1003
987 1007
985 1007
985 1009
987 1009
987 1011
989 1011
989 1007
991 1007
991 1005
993 1005
993 1007
997 1007
997 1005
1001 1005
1001 1003
999 1003
999 1001
1003 1001
1003 1003
1005 1003
1005 1007
1013 1007
1013 1011
1015 1011
1015 1009
1019 1009
1019 1007
1015 1007
1015 1005
1017 1005
1017 1001
1021 1001
1021 1003
1023 1003
1023 1005
1021 1005
1021 1011
1023 1011
1023 1017
1017 1017
1017 1021
1021 1021
1021 1023
1023 1023
1023 1024
